0
3
23
37
26
53
27
59
47
69
53
44
84
80
88
50
88
32
127
20
129
4
141
2
156
13
156
79
165
44
166
63
178
5
191
89
202
8
202
75
204
22
216
25
217
78
219
4
226
50
232
42
248
47
271
19
272
2
286
6
286
54
303
5
313
43
361
6
403
15
416
63
421
2
421
94
448
12
451
85
460
66
460
15
461
86
476
78
483
45
484
81
490
40
491
49
493
70
523
100
538
23
546
91
546
24
549
53
552
46
557
73
576
94
595
93
597
43
612
48
615
98
618
48
651
52
652
92
669
6
692
18
711
54
732
7
736
64
753
65
768
43
786
29
787
31
788
29
798
58
811
75
812
9
821
98
824
76
829
30
832
49
861
98
869
72
873
24
873
2
895
18
906
96
907
96
925
10
931
90
935
95
940
59
944
37
954
46
955
51
956
94
957
15
963
56
971
100
985
78
1007
21
1009
95
1041
6
1043
3
1057
23
1067
64
1072
30
1095
83
1097
13
1114
57
1120
65
1125
61
1138
6
1142
36
1144
84
1147
8
1155
53
1158
31
1166
55
1188
14
1197
72
1206
49
1219
73
1225
60
1235
46
1239
75
1240
54
1251
60
1253
30
1255
5
1259
90
1268
2
1269
99
1270
95
1277
57
1280
73
1281
10
1284
38
1292
56
1297
74
1300
94
1300
20
1306
34
1326
99
1342
7
1350
69
1353
6
1354
60
1362
51
1366
60
1377
25
1384
22
1406
60
1407
49
1415
34
1423
5
1432
75
1443
87
1448
17
1463
5
1483
91
1495
6
1497
58
1542
90
1550
52
1554
14
1565
62
1577
62
1582
3
1595
69
1597
35
1606
96
1607
40
1614
21
1617
95
1620
47
1622
41
1630
52
1639
58
1653
44
1674
64
1676
34
1680
65
1690
23
1699
35
1702
98
1714
80
1714
9
1719
36
1725
96
1747
65
1750
79
1754
53
1755
23
1774
20
1778
4
1797
88
1798
33
1802
17
1810
91
1813
2
1818
4
1824
86
1829
93
1832
24
1864
32
1879
91
1889
16
1902
84
1925
100
1954
59
1957
47
1961
34
1973
76
1985
21
2000
68
2006
25
2008
100
2014
76
2021
61
2026
47
2032
41
2036
39
2037
99
2042
15
2050
58
2065
3
2080
2
2085
90
2090
19
2100
44
2100
43
2101
22
2106
30
2108
36
2113
97
2139
13
2147
78
2154
13
2158
96
2159
78
2169
23
2175
94
2180
63
2187
98
2225
15
2249
30
2257
23
2268
14
2271
57
2271
35
2281
61
2283
49
2302
25
2302
59
2313
63
2334
82
2334
13
2341
17
2344
23
2344
84
2354
60
2379
18
2382
5
2382
41
2399
53
2403
54
2406
54
2406
82
2407
18
2410
1
2413
59
2415
40
2428
95
2445
21
2449
38
2457
9
2467
2
2468
12
2470
74
2487
11
2518
46
2521
86
2534
59
2540
70
2548
97
2556
74
2557
3
2560
9
2563
42
2579
77
2582
92
2596
1
2608
94
2608
49
2614
94
2618
98
2626
2
2631
99
2638
80
2645
19
2649
99
2658
90
2667
58
2695
93
2704
11
2716
47
2721
53
2729
64
2732
58
2763
79
2779
74
2789
55
2791
64
2795
85
2803
76
2823
60
2828
10
2861
78
2886
69
2896
51
2898
7
2904
12
2916
3
2916
100
2925
60
2926
96
2955
98
2974
61
2976
94
2976
77
2990
31
2996
93
2999
18
3008
89
3050
37
3085
28
3085
87
3100
42
3100
44
3106
45
3112
20
3122
69
3140
51
3191
35
3192
53
3206
27
3232
47
3236
62
3242
56
3270
67
3280
64
3303
14
3315
78
3347
67
3363
14
3395
90
3400
62
3433
11
3442
50
3452
56
3462
39
3465
33
3470
100
3477
56
3479
21
3482
88
3491
36
3501
59
3504
81
3507
31
3522
3
3532
52
3535
99
3566
6
3601
87
3603
4
3620
84
3620
33
3643
17
3647
91
3651
99
3657
81
3698
5
3708
28
3715
47
3718
18
3718
17
3720
60
3721
80
3721
19
3725
67
3727
70
3731
51
3740
18
3745
77
3752
23
3768
6
3773
12
3786
81
3798
38
3805
94
3808
36
3827
90
3848
93
3862
41
3868
28
3904
48
3913
76
3917
12
3951
64
3979
66
3985
62
4014
44
4014
70
4016
89
4016
42
4019
39
4025
6
4046
2
4049
70
4060
76
4075
20
4088
39
4089
26
4095
38
4098
16
4120
48
4127
43
4131
79
4137
80
4163
80
4173
73
4175
15
4178
21
4180
17
4201
55
4203
48
4234
64
4236
30
4240
59
4253
79
4273
48
4274
20
4281
75
4290
69
4297
9
4314
16
4319
8
4323
66
4327
69
4332
29
4335
41
4337
89
4337
68
4373
18
4379
26
4382
35
4393
17
4408
20
4426
65
4431
96
4447
51
4460
37
4468
11
4480
72
4484
5
4516
17
4519
19
4521
20
4527
99
4532
30
4539
99
4542
46
4547
49
4553
73
4557
14
4561
9
4563
40
4565
73
4571
74
4573
61
4576
2
4582
66
4595
1
4626
21
4647
35
4648
26
4663
55
4665
51
4682
97
4683
19
4689
47
4698
99
4707
8
4711
57
4739
70
4749
64
4763
25
4765
41
4782
84
4827
23
4834
70
4844
82
4845
68
4850
70
4868
6
4896
34
4896
79
4905
45
4913
58
4918
4
4934
5
4934
59
4939
22
4950
5
4960
31
4962
56
4964
82
4966
85
4974
59
4977
30
4986
56
4988
5
5022
29
5030
15
5031
13
5043
50
5049
78
5052
37
5062
90
5064
61
5077
12
5081
11
5087
42
5099
31
5104
81
5113
99
5121
64
5128
11
5130
44
5141
74
5152
66
5188
100
5201
84
5202
87
5203
57
5216
15
5217
43
5220
90
5237
51
5265
53
5270
72
5280
6
5281
57
5293
52
5298
72
5345
21
5357
1
5360
50
5362
9
5363
43
5369
10
5383
20
5387
5
5391
4
5400
51
5420
85
5426
2
5428
66
5436
47
5439
97
5460
39
5462
13
5465
49
5465
75
5482
99
5489
57
5501
89
5503
93
5518
98
5524
39
5554
45
5570
69
5587
97
5597
53
5645
20
5649
68
5666
73
5670
73
5681
69
5711
34
5724
15
5727
79
5733
53
5749
19
5752
34
5763
55
5772
56
5789
35
5800
21
5802
54
5813
84
5821
11
5844
66
5853
84
5863
85
5882
17
5893
40
5906
25
5909
61
5913
37
5941
64
5949
58
5951
58
5970
12
5976
10
5977
29
5984
31
5991
35
5996
1
6004
100
6008
68
6010
67
6032
30
6037
72
6037
86
6041
63
6043
27
6046
93
6046
49
6061
99
6068
46
6092
32
6096
9
6119
64
6144
15
6144
46
6157
32
6163
6
6167
70
6176
92
6184
43
6191
85
6195
1
6205
52
6213
48
6231
63
6247
80
6256
79
6262
49
6282
33
6287
30
6291
16
6326
99
6333
59
6333
39
6341
36
6350
21
6367
65
6373
28
6374
69
6378
63
6382
26
6398
53
6398
24
6412
41
6416
67
6420
69
6428
72
6446
25
6447
38
6458
15
6468
67
6469
75
6472
16
6477
70
6486
22
6495
30
6500
49
6504
52
6511
78
6518
81
6518
81
6532
45
6540
80
6554
91
6585
83
6585
67
6587
11
6610
48
6613
95
6628
32
6632
62
6641
72
6646
36
6664
37
6674
64
6687
2
6687
5
6692
35
6708
26
6708
95
6711
1
6717
44
6719
69
6733
68
6734
65
6757
42
6771
97
6785
14
6790
94
6792
26
6796
46
6797
26
6805
70
6806
77
6816
17
6827
53
6841
44
6853
79
6853
52
6853
90
6864
10
6879
65
6894
61
6896
45
6907
2
6913
24
6914
99
6914
58
6924
10
6951
76
6956
52
6958
62
6984
72
6988
72
6994
82
6997
36
7000
66
7003
78
7026
1
7036
59
7043
56
7066
47
7067
84
7099
25
7109
75
7115
52
7119
29
7127
18
7135
31
7137
80
7142
7
7146
40
7148
97
7163
19
7173
37
7191
98
7191
94
7203
87
7205
55
7212
55
7220
14
7223
59
7257
17
7257
85
7260
30
7280
50
7285
73
7289
95
7305
27
7336
73
7338
5
7364
82
7374
71
7377
41
7386
59
7386
46
7414
92
7432
87
7439
63
7449
22
7454
19
7454
22
7457
14
7458
15
7466
92
7472
2
7472
12
7487
86
7493
88
7494
18
7495
92
7497
1
7499
76
7500
60
7504
38
7513
58
7521
9
7524
10
7532
4
7533
88
7554
82
7556
9
7565
21
7575
5
7621
1
7625
79
7629
50
7638
92
7638
66
7650
64
7652
14
7657
84
7660
37
7665
79
7673
98
7681
29
7686
80
7730
61
7760
66
7781
67
7785
78
7785
57
7792
19
7798
6
7810
17
7812
56
7817
15
7831
77
7835
65
7836
18
7864
64
7865
99
7872
78
7874
85
7875
3
7878
78
7878
15
7881
4
7892
22
7896
80
7898
67
7899
87
7899
15
7909
4
7911
65
7919
64
7934
32
7935
44
7939
76
7945
49
7948
62
7950
6
7950
5
7974
32
7990
11
7995
73
8000
88
8008
25
8012
50
8056
4
8071
94
8080
65
8088
54
8097
24
8099
49
8105
56
8114
53
8124
64
8126
59
8148
74
8160
95
8161
78
8186
60
8205
62
8217
81
8225
76
8232
77
8247
64
8259
71
8268
53
8271
12
8272
84
8276
58
8286
68
8289
16
8295
20
8301
41
8304
55
8325
96
8327
42
8329
58
8333
89
8334
6
8336
12
8343
64
8354
7
8368
19
8371
17
8380
22
8410
30
8413
90
8414
68
8427
7
8430
2
8444
81
8444
87
8460
29
8465
58
8466
2
8487
100
8489
10
8496
65
8497
83
8499
19
8505
32
8505
50
8505
38
8518
24
8574
4
8606
85
8625
65
8631
62
8640
25
8649
23
8663
25
8665
89
8670
81
8682
43
8694
5
8724
2
8739
72
8754
46
8758
21
8761
30
8766
47
8781
2
8785
68
8792
76
8793
11
8807
69
8812
27
8838
20
8842
33
8851
61
8853
90
8855
65
8866
11
8866
79
8889
40
8907
14
8922
63
8968
5
8973
27
8991
39
8992
79
9023
3
9036
27
9040
59
9056
46
9070
83
9082
12
9084
69
9104
29
9116
84
9119
99
9123
27
9138
85
9152
66
9156
54
9160
47
9176
87
9180
80
9184
18
9186
19
9236
93
9256
7
9265
35
9274
3
9275
37
9275
75
9287
68
9292
51
9295
31
9296
47
9303
90
9320
9
9325
49
9331
68
9337
19
9346
46
9348
51
9368
82
9368
67
9375
31
9379
65
9381
65
9391
9
9392
2
9400
82
9405
63
9407
48
9409
68
9411
94
9413
66
9428
39
9443
86
9447
24
9478
25
9479
40
9484
61
9500
99
9504
60
9528
11
9528
81
9542
6
9553
100
9558
41
9571
6
9572
20
9588
59
9597
4
9607
70
9627
92
9642
70
9649
52
9651
57
9690
86
9693
60
9694
10
9699
67
9708
22
9711
57
9716
87
9722
16
9724
74
9733
77
9736
53
9737
98
9769
1
9780
45
9782
10
9787
52
9788
4
9800
20
9811
32
9828
61
9830
72
9852
25
9861
66
9867
91
9877
35
9887
21
9896
12
9901
27
9902
90
9906
63
9920
83
9922
75
9923
22
9932
44
9946
94
9956
44
9973
100
10001
80
10011
11
10024
26
10036
56
10050
15
10050
23
10059
8
10069
59
10071
32
10076
59
10080
62
10085
3
10089
43
10094
74
10127
26
10140
67
10147
92
10149
16
10163
1
10173
12
10173
27
10178
27
10189
2
10208
41
10229
61
10240
28
10249
63
10271
4
10271
21
10273
58
10281
56
10282
52
10286
68
10287
81
10292
59
10298
34
10306
55
10307
67
10314
93
10336
38
10337
25
10343
6
10378
40
10380
67
10385
80
10404
18
10404
85
10418
23
10420
33
10436
86
10439
34
10444
12
10456
64
10477
87
10478
52
10484
77
10486
15
10494
66
10505
32
10507
35
10513
23
10521
87
10526
87
10529
42
10539
19
10544
45
10580
76
10600
25
10603
63
10628
20
10639
62
10644
88
10647
77
10651
54
10661
6
10670
8
10670
71
10672
91
10710
30
10713
3
10714
28
10718
64
10731
66
10739
91
10743
50
10762
70
10762
19
10762
16
10767
35
10770
51
10770
3
10774
10
10788
89
10814
89
10817
3
10837
60
10844
85
10845
78
10871
84
10878
100
10911
49
10916
46
10921
87
10936
26
10949
99
10971
44
10974
33
10982
69
10986
86
10993
63
10993
23
10997
13
11021
78
11028
41
11040
56
11041
79
11042
62
11047
74
11056
95
11076
48
11081
76
11082
97
11135
57
11136
65
11138
37
11141
60
11160
24
11185
73
11199
89
11199
7
11214
24
11219
38
11219
4
11222
10
11240
15
11244
2
11246
6
11262
47
11262
22
11312
91
11313
61
11316
97
11316
56
11324
90
11359
89
11367
11
11408
69
11408
50
11420
36
11435
15
11437
97
11449
12
11456
63
11456
6
11458
76
11464
51
11468
17
11499
51
11506
75
11510
5
11513
9
11514
99
11525
94
11530
13
11537
60
11549
60
11575
66
11578
65
11583
59
11587
40
11594
8
11596
19
11605
88
11622
63
11631
61
11634
76
11635
25
11636
29
11645
77
11649
60
11649
95
11657
73
11661
71
11663
9
11670
30
11674
98
11675
11
11728
46
11730
48
11750
85
11768
3
11775
57
11798
35
11800
48
11809
21
11824
95
11825
8
11830
38
11840
11
11849
66
11854
77
11856
70
11860
36
11865
64
11866
32
11874
96
11890
91
11907
56
11943
76
11947
67
11948
16
11980
22
11983
92
11985
86
12000
30
12015
73
12029
36
12033
40
12049
71
12067
83
12124
77
12134
73
12165
91
12177
11
12180
72
12189
63
12204
57
12235
31
12256
1
12257
68
12277
96
12304
77
12311
37
12339
84
12354
93
12358
21
12383
79
12387
35
12393
28
12403
7
12404
54
12405
43
12424
28
12429
97
12432
81
12444
58
12480
69
12490
16
12503
49
12555
39
12570
50
12586
77
12593
63
12603
41
12609
40
12656
87
12671
3
12697
96
12700
17
12703
3
12733
15
12735
13
12755
32
12757
4
12762
48
12777
76
12779
24
12780
26
12783
62
12790
51
12802
32
12805
15
12812
46
12824
12
12839
11
12853
78
12871
69
12872
32
12888
45
12899
69
12921
22
12926
94
12959
98
12968
37
12978
86
12989
37
12995
23
13011
41
13020
32
13048
39
13055
95
13065
47
13070
3
13078
26
13089
50
13090
50
13114
53
13125
25
13126
28
13129
15
13141
27
13143
59
13171
81
13177
72
13179
70
13190
92
13191
1
13194
90
13197
75
13202
45
13204
11
13207
96
13231
91
13244
8
13253
32
13258
76
13259
96
13260
6
13264
16
13290
27
13305
45
13308
11
13341
25
13354
47
13372
88
13382
26
13384
49
13414
93
13445
50
13451
76
13455
7
13484
77
13486
34
13488
39
13494
100
13522
56
13531
82
13533
1
13546
97
13546
56
13579
97
13581
59
13587
4
13589
87
13595
18
13607
87
13609
63
13609
13
13624
93
13647
30
13682
40
13683
37
13718
92
13722
16
13730
35
13734
80
13740
42
13753
83
13757
24
13763
91
13796
58
13816
82
13826
19
13833
44
13837
20
13841
71
13844
51
13844
2
13849
23
13857
99
13877
57
13878
19
13879
58
13883
12
13893
58
13900
75
13912
99
13920
20
13921
40
13929
43
13953
1
13968
79
13969
31
13969
93
13974
46
13978
65
13997
24
14004
87
14019
100
14020
47
14022
30
14024
9
14027
28
14040
48
14061
4
14076
99
14084
18
14089
54
14091
100
14112
92
14114
5
14115
9
14126
11
14127
62
14130
20
14131
68
14149
88
14181
70
14215
39
14216
27
14234
12
14249
39
14275
57
14277
42
14312
83
14322
3
14340
59
14355
6
14377
41
14381
10
14390
52
14401
70
14410
18
14413
31
14472
70
14482
22
14520
30
14523
39
14524
27
14528
81
14533
31
14538
31
14549
89
14552
93
14560
44
14584
61
14590
60
14593
84
14595
30
14596
50
14606
10
14619
94
14642
40
14658
19
14663
35
14663
23
14666
73
14673
45
14683
28
14689
65
14702
54
14705
32
14718
35
14733
24
14737
14
14737
4
14740
45
14761
95
14770
42
14773
23
14792
76
14834
24
14850
54
14862
64
14864
16
14884
49
14911
24
14914
75
14932
32
14935
6
14935
76
14937
94
14945
99
14957
16
14972
64
14980
85
14991
38
15006
36
15008
30
15016
17
15021
100
15023
35
15040
100
15052
86
15069
58
15069
14
15081
89
15084
2
15089
8
15089
83
15092
25
15095
35
15110
6
15114
30
15135
51
15167
22
15186
78
15186
74
15196
48
15199
62
15206
31
15209
76
15218
55
15221
29
15229
91
15240
18
15248
66
15271
80
15282
5
15286
95
15287
48
15301
56
15326
29
15328
48
15332
42
15333
39
15334
13
15357
82
15365
40
15378
72
15393
16
15394
16
15407
7
15413
22
15418
97
15431
57
15432
95
15441
27
15445
82
15461
94
15462
88
15467
65
15467
69
15470
42
15477
93
15531
11
15532
11
15538
58
15539
90
15570
15
15581
4
15581
38
15585
70
15591
85
15592
37
15594
63
15607
23
15611
1
15616
45
15626
14
15627
72
15641
12
15662
82
15666
30
15667
85
15668
78
15672
38
15685
79
15690
4
15708
72
15711
25
15720
43
15744
36
15752
93
15753
36
15773
80
15787
4
15787
46
15790
90
15799
45
15814
12
15814
93
15827
34
15857
34
15860
29
15861
22
15866
96
15872
51
15873
22
15892
92
15901
65
15904
46
15904
4
15905
98
15916
75
15935
88
15935
75
15939
65
15957
19
15993
31
15998
36
16002
43
16017
73
16027
71
16027
87
16031
61
16033
50
16038
42
16045
6
16047
39
16065
87
16067
70
16071
84
16077
72
16096
3
16106
12
16106
94
16122
98
16144
63
16160
67
16161
90
16164
79
16164
12
16167
45
16176
76
16187
39
16191
32
16193
2
16196
3
16215
50
16217
84
16236
38
16248
44
16256
57
16258
8
16278
31
16296
69
16303
9
16304
72
16315
26
16316
48
16318
10
16321
95
16330
31
16335
82
16364
97
16374
94
16383
27
16390
95
16395
8
16397
93
16427
36
16433
38
16434
5
16437
80
16447
13
16454
43
16471
11
16475
67
16494
45
16508
13
16512
50
16524
34
16533
56
16534
58
16542
41
16548
86
16557
26
16560
49
16563
10
16564
52
16590
48
16602
19
16618
46
16625
30
16648
52
16679
43
16691
24
16696
78
16719
89
16725
31
16738
71
16740
24
16749
69
16762
27
16787
55
16800
33
16812
21
16816
17
16817
99
16822
17
16855
29
16856
1
16858
50
16864
85
16886
58
16890
42
16923
22
16931
36
16956
42
16959
31
16971
87
16984
90
16985
50
16997
84
17000
71
17011
1
17012
78
17036
94
17041
31
17053
18
17059
77
17060
53
17080
93
17081
97
17091
31
17112
47
17114
29
17134
51
17149
64
17161
80
17161
19
17171
44
17181
32
17182
20
17187
28
17197
89
17203
61
17204
2
17209
76
17217
2
17237
84
17238
62
17261
43
17270
33
17278
98
17279
14
17308
86
17309
75
17315
59
17316
68
17344
45
17353
87
17362
20
17389
37
17391
83
17401
50
17429
84
17441
64
17443
52
17449
99
17452
95
17453
22
17453
42
17466
26
17471
41
17473
22
17474
66
17480
53
17490
23
17494
42
17494
54
17501
6
17521
55
17524
49
17525
91
17526
52
17533
14
17540
28
17558
79
17563
24
17567
95
17597
23
17598
11
17612
66
17619
59
17629
93
17631
67
17653
94
17671
56
17679
70
17686
92
17699
50
17701
91
17715
34
17723
27
17740
31
17750
55
17750
93
17754
83
17755
29
17797
34
17816
88
17835
86
17850
40
17875
88
17895
76
17905
92
17949
53
17964
55
17967
22
17972
77
17974
49
17998
44
18022
87
18024
66
18026
54
18028
79
18033
32
18034
48
18038
87
18059
1
18059
91
18064
88
18067
43
18103
24
18111
15
18124
25
18129
30
18139
59
18143
59
18168
10
18168
44
18175
47
18176
96
18178
83
18199
86
18220
23
18232
26
18242
39
18257
78
18276
47
18277
15
18279
78
18280
42
18280
1
18303
44
18312
96
18328
31
18339
27
18368
95
18369
17
18369
80
18374
85
18375
57
18399
22
18407
61
18410
71
18413
47
18416
42
18425
81
18453
5
18459
4
18465
24
18467
3
18490
99
18496
6
18508
41
18516
21
18537
84
18551
79
18557
50
18564
30
18573
45
18574
28
18589
24
18595
97
18602
71
18602
71
18616
27
18626
49
18632
65
18645
96
18661
28
18666
1
18667
52
18674
50
18681
13
18699
22
18704
48
18712
7
18716
2
18760
4
18766
10
18770
77
18779
59
18794
8
18804
34
18810
99
18814
80
18815
17
18828
29
18829
30
18833
99
18850
73
18867
9
18873
22
18903
69
18915
31
18919
92
18925
95
18950
79
18957
8
18972
42
18989
7
18992
8
18992
93
19003
8
19007
73
19012
66
19037
7
19043
31
19056
67
19079
10
19097
40
19113
95
19125
68
19129
99
19133
29
19162
18
19169
30
19169
97
19171
46
19190
59
19196
95
19208
18
19236
67
19261
68
19272
38
19274
97
19287
59
19300
85
19311
28
19312
66
19324
26
19324
34
19331
26
19336
19
19341
93
19346
50
19358
84
19360
99
19400
80
19401
3
19403
60
19426
19
19427
97
19442
28
19458
69
19462
77
19465
45
19487
98
19495
74
19501
43
19509
9
19510
20
19527
60
19544
75
19552
88
19561
98
19577
24
19582
46
19589
34
19589
3
19593
64
19594
59
19604
88
19612
41
19615
77
19617
80
19620
90
19629
13
19650
30
19666
21
19667
15
19668
89
19669
91
19685
63
19690
68
19709
59
19717
92
19740
65
19740
56
19744
17
19752
7
19757
64
19773
36
19774
66
19790
91
19797
23
19804
15
19807
66
19810
21
19811
100
19812
68
19813
36
19816
59
19816
7
19833
28
19840
87
19846
86
19864
69
19867
99
19882
67
19896
89
19901
65
19903
55
19906
79
19911
80
19912
23
19917
89
19921
71
19926
39
19937
44
19941
39
19953
45
19958
60
19962
74
19982
62
19988
2
19988
49
20001
29
20002
19
20006
21
20006
28
20017
38
20019
56
20026
86
20037
44
20044
35
20045
25
20077
81
20085
3
20098
75
20102
47
20103
91
20104
92
20112
1
20118
21
20126
71
20147
75
20148
9
20164
93
20170
13
20176
4
20183
31
20186
9
20189
63
20199
56
20214
71
20222
16
20223
4
20224
99
20234
34
20236
76
20247
26
20249
23
20257
31
20259
64
20261
18
20266
17
20268
40
20268
98
20288
19
20328
14
20343
44
20362
9
20367
5
20372
97
20383
29
20406
27
20406
23
20428
37
20428
71
20442
88
20452
41
20468
53
20476
48
20476
55
20484
61
20523
18
20534
23
20535
64
20537
68
20541
8
20572
40
20576
46
20577
31
20602
22
20613
9
20655
48
20685
39
20692
100
20698
98
20701
9
20705
13
20720
93
20720
18
20763
70
20769
41
20816
98
20821
48
20827
64
20830
87
20830
19
20836
3
20854
79
20861
23
20876
50
20886
85
20887
83
20891
20
20900
7
20909
99
20928
87
20930
15
20938
90
20954
32
20967
97
20969
63
20973
92
20974
96
20978
53
20989
91
20998
93
20999
62
21007
56
21023
38
21034
31
21065
25
21113
78
21119
28
21125
72
21142
93
21160
66
21160
42
21162
47
21166
96
21171
17
21172
97
21173
81
21184
51
21187
68
21190
87
21215
49
21216
54
21231
53
21239
90
21245
38
21270
1
21295
53
21301
29
21310
49
21310
5
21314
72
21318
93
21321
18
21331
27
21337
30
21350
48
21367
3
21369
8
21378
28
21403
26
21407
100
21419
93
21426
68
21427
47
21443
89
21448
36
21449
95
21455
69
21459
86
21468
62
21475
7
21478
87
21494
67
21497
12
21529
76
21554
4
21567
64
21570
28
21601
85
21615
12
21616
85
21654
56
21655
5
21657
2
21663
34
21687
34
21695
50
21698
36
21714
93
21723
77
21724
61
21733
45
21781
21
21787
80
21800
91
21819
9
21819
15
21832
37
21839
29
21840
1
21842
50
21842
88
21862
87
21865
16
21870
51
21873
14
21873
72
21887
14
21894
42
21911
56
21922
26
21923
78
21927
63
21932
82
21936
79
21940
96
21941
15
21943
80
21972
31
21981
8
21983
56
21998
43
22020
52
22024
77
22030
23
22033
94
22057
37
22063
37
22064
82
22082
18
22095
89
22101
83
22102
5
22111
27
22114
98
22127
55
22147
41
22152
21
22156
68
22159
34
22159
76
22167
45
22176
11
22185
90
22190
26
22222
41
22235
85
22254
93
22268
21
22269
67
22275
100
22283
28
22302
10
22307
3
22323
56
22326
84
22340
48
22343
93
22375
20
22375
81
22377
10
22381
61
22389
63
22393
66
22399
87
22400
12
22408
20
22409
79
22413
33
22413
39
22418
64
22420
60
22420
84
22423
26
22425
50
22452
61
22453
67
22455
86
22460
53
22462
39
22478
53
22479
4
22490
66
22496
14
22523
58
22526
22
22536
97
22540
57
22542
66
22552
68
22556
37
22565
27
22567
28
22574
99
22576
92
22584
67
22586
11
22604
63
22610
97
22616
43
22625
1
22630
61
22635
54
22638
36
22645
86
22650
3
22675
49
22689
4
22692
89
22697
1
22726
42
22740
93
22743
57
22752
8
22752
58
22752
14
22760
81
22764
54
22770
71
22781
98
22782
21
22806
59
22846
24
22848
1
22851
58
22870
67
22871
67
22882
20
22896
29
22911
63
22915
14
22916
81
22923
75
22929
67
22951
69
22953
61
22957
22
22979
17
22987
16
22999
62
23006
17
23008
58
23033
6
23048
25
23057
17
23061
63
23075
91
23097
49
23101
16
23104
13
23111
46
23111
88
23117
71
23136
21
23137
88
23137
80
23140
87
23151
6
23162
99
23195
67
23206
21
23216
64
23221
47
23242
95
23251
83
23275
15
23331
7
23333
4
23340
83
23342
23
23342
17
23352
52
23354
32
23374
22
23397
76
23409
48
23426
84
23432
66
23440
96
23443
51
23446
30
23468
93
23474
38
23478
1
23484
13
23486
78
23491
32
23497
51
23511
35
23515
83
23527
17
23533
55
23538
46
23544
15
23552
2
23572
28
23590
82
23592
60
23638
83
23641
64
23642
34
23642
99
23654
67
23658
65
23661
72
23664
43
23690
64
23693
55
23718
60
23733
11
23738
57
23746
90
23756
3
23756
95
23763
42
23771
67
23772
24
23775
73
23783
17
23815
58
23823
55
23826
85
23863
65
23872
53
23877
52
23878
18
23887
32
23887
85
23889
29
23939
15
23949
100
23950
63
23953
65
23961
67
23967
79
23968
37
23975
9
23985
95
23985
43
24003
20
24020
5
24061
100
24102
9
24105
60
24130
46
24134
2
24168
26
24173
21
24174
75
24192
95
24206
30
24216
81
24225
31
24244
94
24276
85
24277
82
24286
63
24315
17
24328
18
24355
92
24360
83
24371
18
24386
6
24478
99
24504
84
24508
84
24516
35
24519
44
24522
78
24535
30
24547
63
24549
35
24553
29
24571
24
24587
94
24607
26
24610
25
24630
71
24661
46
24662
51
24667
65
24677
75
24682
84
24683
48
24687
21
24688
68
24694
29
24706
83
24722
84
24742
99
24754
26
24773
18
24779
16
24789
31
24791
17
24794
99
24804
67
24814
3
24818
94
24853
96
24858
32
24876
56
24880
30
24885
12
24886
31
24895
23
24926
37
24928
8
24934
46
24937
34
24947
10
24953
10
24966
61
24976
93
24999
57
25002
81
25007
13
25015
38
25019
15
25029
48
25053
36
25075
41
25075
66
25095
3
25099
23
25105
82
25108
1
25141
89
25160
84
25175
46
25178
85
25198
68
25214
1
25227
66
25236
79
25242
84
25246
41
25253
68
25256
91
25257
86
25268
53
25271
100
25282
95
25286
13
25287
45
25296
4
25313
45
25318
57
25342
93
25342
60
25366
4
25367
80
25370
52
25392
21
25403
82
25405
74
25411
54
25418
34
25423
15
25427
90
25433
79
25438
51
25440
57
25466
31
25472
16
25495
87
25506
14
25555
56
25561
6
25564
4
25568
41
25590
11
25599
56
25600
88
25607
23
25626
52
25631
43
25651
20
25665
8
25678
35
25685
79
25696
63
25703
14
25712
82
25712
36
25739
47
25743
55
25772
89
25786
80
25795
21
25809
78
25815
58
25815
71
25822
86
25824
88
25828
39
25832
73
25838
2
25856
94
25860
30
25866
57
25880
87
25893
40
25933
64
25951
26
26009
15
26014
15
26033
68
26056
34
26073
74
26077
54
26088
12
26092
37
26101
19
26117
45
26155
72
26171
65
26202
51
26207
12
26242
44
26258
72
26261
90
26271
1
26275
94
26295
75
26302
88
26319
32
26320
99
26340
41
26360
78
26386
29
26391
50
26402
64
26402
68
26406
13
26410
89
26430
82
26442
80
26447
8
26451
67
26452
53
26454
61
26461
30
26463
41
26473
79
26477
74
26478
64
26488
43
26497
25
26498
76
26503
86
26511
96
26513
65
26517
38
26522
89
26546
91
26549
77
26553
21
26556
90
26559
18
26561
50
26572
18
26601
67
26601
13
26633
37
26689
31
26698
53
26698
71
26713
10
26736
60
26738
37
26750
15
26756
20
26771
67
26776
55
26781
98
26782
92
26797
19
26798
92
26819
16
26819
46
26827
77
26848
11
26850
10
26877
14
26882
52
26889
52
26892
90
26895
24
26900
41
26906
59
26914
73
26917
10
26922
77
26927
37
26943
99
26965
8
26972
89
26978
21
26985
69
27003
48
27010
9
27037
83
27039
19
27042
27
27042
90
27061
68
27077
19
27082
60
27082
59
27096
34
27096
5
27104
87
27106
97
27112
66
27112
100
27127
100
27138
17
27140
41
27153
23
27170
10
27213
52
27223
47
27267
19
27292
28
27298
83
27301
69
27306
87
27313
23
27336
89
27350
8
27360
70
27367
98
27373
42
27394
40
27409
24
27418
31
27418
7
27426
94
27450
90
27469
65
27478
28
27488
94
27501
51
27505
76
27526
59
27536
2
27546
75
27559
28
27566
94
27586
49
27586
37
27589
45
27594
95
27611
7
27616
25
27625
77
27633
76
27640
63
27645
99
27646
64
27652
70
27699
20
27704
13
27705
12
27727
59
27750
89
27765
94
27782
17
27783
82
27793
84
27805
33
27817
61
27825
29
27835
35
27851
36
27852
88
27853
88
27870
62
27881
15
27904
81
27906
10
27911
3
27922
78
27944
4
27952
9
27958
54
27967
32
27970
84
27973
16
27984
82
27987
100
27987
86
27995
53
28012
12
28026
49
28064
63
28067
52
28083
42
28083
79
28087
86
28098
77
28109
11
28111
46
28144
6
28155
45
28178
34
28189
45
28196
84
28200
95
28212
11
28216
65
28216
5
28224
13
28226
94
28241
60
28265
21
28266
47
28283
92
28286
5
28299
62
28299
25
28305
56
28306
99
28309
78
28319
19
28323
47
28339
40
28363
71
28385
89
28414
71
28423
8
28425
17
28431
33
28455
53
28466
22
28472
30
28482
38
28497
66
28541
13
28550
33
28559
76
28570
77
28579
89
28602
40
28606
22
28608
48
28611
61
28624
68
28641
91
28652
17
28674
30
28687
16
28704
24
28720
80
28726
45
28735
42
28761
27
28769
36
28785
64
28788
67
28801
6
28811
71
28821
83
28826
91
28830
76
28839
5
28849
20
28851
13
28857
22
28858
32
28859
45
28876
50
28891
61
28932
85
28944
89
28946
34
28976
33
28979
1
28990
2
28991
23
28991
69
28998
83
29005
90
29015
92
29017
62
29030
34
29030
34
29039
88
29043
22
29045
49
29069
6
29073
79
29083
20
29088
89
29089
69
29110
95
29117
45
29118
88
29119
59
29125
18
29143
72
29146
4
29164
67
29165
84
29168
88
29170
8
29176
17
29179
72
29181
8
29198
70
29205
47
29209
29
29217
52
29224
36
29227
20
29229
66
29230
22
29235
5
29237
53
29237
43
29242
54
29260
11
29277
21
29300
25
29304
99
29309
42
29314
71
29316
95
29317
29
29319
29
29327
12
29334
52
29345
84
29388
31
29399
87
29404
24
29406
38
29415
4
29419
95
29438
97
29456
25
29459
41
29462
25
29463
77
29465
29
29466
45
29470
42
29478
2
29493
1
29514
46
29533
44
29534
6
29551
56
29552
16
29567
30
29571
6
29576
57
29578
52
29593
52
29605
38
29615
33
29616
16
29619
41
29634
16
29634
46
29638
28
29643
39
29651
83
29658
83
29660
86
29718
79
29720
7
29727
78
29728
4
29745
35
29756
58
29780
100
29783
28
29788
59
29788
100
29792
74
29798
54
29799
58
29830
81
29850
70
29856
87
29866
39
29871
78
29888
91
29898
90
29905
67
29906
23
29928
5
29928
60
29929
90
29935
50
29952
87
29980
81
29999
84
30002
21
30012
66
30012
15
30017
79
30018
95
30021
18
30046
14
30048
53
30060
69
30079
41
30083
11
30096
20
30109
66
30109
65
30140
77
30155
99
30209
86
30210
16
30212
37
30217
15
30238
6
30267
78
30272
34
30290
80
30319
35
30323
93
30342
69
30350
36
30363
31
30377
49
30378
20
30384
51
30391
66
30396
34
30420
81
30429
61
30440
3
30443
46
30463
65
30488
71
30501
87
30507
27
30521
90
30528
4
30534
43
30537
67
30539
2
30545
28
30591
82
30602
90
30622
95
30624
39
30658
68
30662
28
30664
18
30677
54
30683
20
30684
86
30684
89
30689
50
30695
87
30712
8
30714
52
30724
52
30733
93
30753
32
30758
64
30770
47
30771
78
30784
80
30791
17
30791
16
30796
7
30799
59
30802
71
30806
49
30827
77
30833
73
30861
29
30866
10
30868
14
30868
23
30869
48
30881
33
30889
50
30894
65
30894
86
30899
69
30905
2
30906
75
30907
70
30919
88
30929
34
30937
21
30944
92
30949
79
30985
4
31017
7
31036
25
31036
81
31059
87
31063
42
31092
48
31108
45
31117
52
31138
19
31141
93
31160
28
31173
91
31179
21
31189
37
31194
56
31202
95
31204
84
31204
89
31219
44
31244
100
31270
74
31282
64
31297
53
31298
100
31298
33
31318
41
31320
34
31335
5
31338
84
31349
12
31370
9
31375
90
31383
36
31389
41
31423
28
31435
29
31441
89
31456
72
31468
80
31483
7
31491
17
31520
59
31530
49
31553
37
31555
95
31562
4
31567
84
31568
30
31568
92
31571
27
31574
81
31583
18
31584
43
31585
34
31589
17
31598
27
31618
26
31623
2
31678
32
31680
9
31688
13
31694
92
31696
50
31699
1
31700
32
31703
30
31713
81
31713
20
31718
1
31719
13
31735
78
31741
69
31748
71
31750
26
31752
6
31766
18
31768
30
31775
41
31776
47
31781
73
31781
67
31788
80
31788
42
31792
61
31793
13
31822
59
31832
88
31852
90
31853
60
31861
71
31868
50
31883
25
31891
62
31900
51
31903
25
31913
45
31949
80
31952
57
31963
17
31965
33
31978
69
31980
94
31980
1
31981
40
31991
72
31994
58
32006
57
32030
53
32039
98
32044
55
32057
25
32058
17
32061
86
32069
67
32082
77
32097
50
32103
77
32128
64
32137
39
32145
88
32152
34
32173
88
32174
12
32185
47
32188
39
32189
88
32194
92
32206
18
32240
45
32245
8
32254
2
32272
13
32279
53
32280
3
32301
4
32318
24
32323
60
32354
12
32354
76
32355
10
32376
67
32376
53
32396
26
32397
4
32401
71
32402
2
32407
54
32412
47
32413
18
32456
92
32466
34
32470
3
32474
32
32483
46
32485
50
32501
70
32517
85
32522
93
32532
39
32532
29
32536
100
32537
41
32550
94
32553
52
32560
95
32578
97
32585
28
32590
6
32598
9
32611
3
32617
15
32627
27
32638
55
32645
40
32645
30
32654
25
32659
94
32664
83
32665
23
32668
63
32674
27
32674
57
32689
65
32690
58
32695
54
32714
66
32733
79
32754
38
32801
58
32809
69
32810
19
32816
57
32824
61
32855
12
32866
61
32891
55
32897
8
32898
88
32910
61
32919
68
32928
42
32929
27
32934
94
32938
97
32943
19
32973
76
32982
73
32986
12
32993
10
32996
96
32999
74
33003
36
33019
4
33023
90
33030
45
33031
9
33040
56
33043
23
33057
98
33070
13
33081
92
33084
16
33124
22
33128
52
33144
27
33148
34
33164
59
33168
87
33182
21
33186
19
33189
6
33191
14
33224
97
33244
52
33250
62
33252
15
33253
27
33254
35
33281
26
33289
36
33303
82
33306
51
33321
24
33323
37
33335
93
33345
68
33357
45
33361
48
33376
43
33376
94
33381
12
33391
34
33428
10
33453
33
33461
37
33472
88
33476
66
33477
95
33501
26
33529
38
33567
65
33573
32
33586
52
33614
62
33616
83
33622
13
33635
76
33655
61
33660
99
33667
54
33668
48
33670
32
33704
56
33707
71
33747
20
33752
48
33769
91
33775
16
33777
47
33785
33
33795
10
33797
59
33802
18
33807
19
33817
91
33823
6
33841
6
33841
9
33862
1
33878
32
33889
46
33892
17
33927
15
33930
97
33931
30
33948
49
33949
62
33992
6
34003
9
34023
60
34024
11
34027
56
34031
44
34032
18
34037
79
34040
63
34044
18
34076
69
34111
79
34113
64
34143
53
34151
88
34154
74
34157
70
34181
58
34213
17
34235
27
34243
15
34252
25
34260
27
34274
98
34295
22
34298
96
34322
12
34323
19
34334
25
34339
60
34341
32
34350
82
34352
68
34356
43
34370
44
34382
76
34384
86
34390
62
34394
54
34399
1
34413
31
34427
74
34433
79
34451
94
34469
26
34471
18
34495
20
34502
47
34508
75
34509
36
34525
73
34528
89
34531
12
34542
52
34559
87
34566
33
34578
47
34595
50
34605
3
34624
23
34641
10
34677
34
34688
5
34709
29
34718
29
34720
48
34739
4
34739
14
34740
9
34742
9
34747
14
34754
39
34774
82
34782
44
34784
85
34799
59
34801
13
34801
56
34802
5
34815
87
34818
43
34820
30
34822
28
34849
54
34878
81
34880
66
34881
86
34882
79
34886
15
34891
41
34893
1
34895
76
34896
74
34898
5
34914
5
34925
2
34958
53
34987
60
34987
68
34990
13
35004
21
35006
33
35009
4
35028
2
35032
29
35038
40
35060
13
35073
41
35085
95
35085
17
35094
80
35096
37
35109
46
35138
7
35170
90
35171
78
35179
24
35208
27
35244
56
35256
38
35258
19
35274
9
35305
14
35316
45
35320
13
35328
70
35331
98
35352
17
35357
29
35428
65
35434
82
35444
1
35445
50
35473
85
35482
3
35501
78
35514
76
35532
67
35540
70
35550
70
35558
83
35560
49
35567
58
35573
81
35578
7
35585
99
35585
58
35601
30
35604
77
35607
66
35614
20
35621
96
35627
74
35630
33
35636
40
35636
38
35639
2
35648
37
35655
7
35658
82
35669
2
35670
88
35684
83
35690
3
35725
24
35736
37
35749
80
35756
99
35768
3
35781
1
35792
20
35807
37
35809
50
35814
77
35814
17
35831
8
35832
75
35835
27
35838
90
35851
51
35877
44
35885
9
35898
46
35917
17
35918
41
35939
85
35942
6
35943
94
35943
74
35970
12
35986
27
35988
27
36002
99
36006
61
36024
29
36024
74
36040
97
36043
60
36050
72
36054
51
36067
60
36067
91
36086
40
36089
61
36091
67
36098
56
36112
69
36125
93
36129
34
36130
10
36138
44
36160
77
36161
18
36167
41
36181
45
36187
10
36209
78
36218
51
36218
3
36223
51
36240
62
36246
81
36248
77
36255
13
36259
42
36308
5
36312
86
36313
90
36317
16
36337
58
36338
93
36340
75
36349
100
36351
32
36359
88
36360
19
36367
39
36373
8
36382
11
36392
73
36398
17
36418
54
36430
1
36437
34
36446
47
36452
46
36460
43
36461
24
36478
96
36513
97
36516
74
36523
9
36528
29
36528
2
36564
73
36572
70
36576
58
36582
59
36588
12
36601
73
36605
68
36608
4
36619
99
36625
67
36649
87
36654
86
36670
85
36680
25
36688
45
36696
48
36702
97
36729
61
36732
1
36736
50
36739
94
36753
99
36781
95
36781
88
36794
22
36799
42
36844
36
36854
47
36861
2
36886
65
36907
48
36908
75
36908
86
36935
57
36961
85
36968
97
36969
29
36971
52
36973
52
36984
80
36984
70
36993
38
36996
17
37022
7
37045
63
37070
62
37103
54
37113
11
37115
22
37126
6
37167
12
37170
68
37178
5
37182
6
37187
7
37194
26
37240
99
37273
43
37296
25
37298
1
37311
59
37320
24
37324
27
37334
44
37349
81
37361
11
37376
93
37377
61
37390
62
37392
44
37396
40
37407
83
37408
34
37414
9
37427
89
37427
48
37430
70
37430
42
37466
10
37477
43
37490
48
37497
22
37498
10
37516
52
37525
79
37532
69
37541
29
37599
78
37601
11
37614
53
37616
30
37621
21
37627
77
37643
8
37651
64
37667
9
37682
18
37686
8
37693
21
37699
31
37713
4
37713
61
37719
13
37728
37
37729
69
37738
2
37754
36
37764
90
37771
43
37784
45
37786
32
37789
90
37839
66
37851
94
37851
41
37879
45
37929
62
37935
22
37956
74
37977
24
37977
74
37981
55
37985
44
37992
2
38019
62
38024
59
38047
62
38051
79
38059
19
38059
83
38098
9
38100
22
38111
95
38117
73
38144
10
38163
63
38164
74
38167
45
38173
4
38175
17
38181
89
38195
35
38198
58
38198
7
38208
28
38225
99
38232
51
38237
41
38250
20
38274
76
38277
64
38277
45
38279
30
38288
59
38294
99
38308
91
38316
70
38331
60
38334
21
38340
88
38349
42
38359
29
38359
9
38363
36
38377
1
38388
18
38390
50
38400
27
38416
14
38427
53
38462
43
38492
2
38501
40
38540
100
38551
8
38565
19
38584
50
38599
10
38606
60
38609
21
38617
37
38621
75
38628
18
38641
66
38664
34
38689
16
38689
8
38695
3
38704
75
38715
28
38715
42
38718
69
38729
8
38733
50
38741
4
38744
9
38761
19
38762
54
38801
87
38801
32
38818
58
38827
29
38840
85
38847
97
38849
80
38850
45
38865
16
38866
82
38871
6
38890
27
38915
54
38918
43
38924
1
38954
71
38966
60
38976
86
38986
38
38988
68
38990
40
38999
13
39025
47
39032
81
39040
81
39042
55
39043
82
39049
36
39051
15
39063
52
39086
41
39088
1
39097
83
39101
99
39104
81
39110
20
39128
47
39137
60
39142
64
39142
14
39143
93
39145
21
39145
40
39151
47
39181
63
39207
93
39225
69
39226
75
39242
78
39247
7
39250
42
39250
18
39253
71
39264
88
39280
98
39282
51
39296
94
39297
32
39301
38
39316
8
39316
83
39336
79
39336
8
39352
18
39357
29
39377
88
39385
37
39407
75
39410
100
39411
52
39454
41
39456
92
39458
72
39462
80
39462
90
39472
35
39476
72
39491
59
39492
9
39502
50
39506
65
39514
2
39531
19
39543
35
39546
41
39567
68
39569
37
39588
35
39594
99
39610
26
39619
42
39629
82
39638
4
39648
2
39653
99
39667
84
39678
89
39678
35
39685
11
39687
40
39688
38
39693
51
39696
32
39704
9
39731
82
39758
73
39767
95
39780
54
39796
31
39837
55
39839
55
39845
47
39856
8
39875
73
39877
33
39878
49
39888
40
39889
21
39904
35
39914
91
39923
47
39927
28
39936
72
39954
2
39967
29
39982
22
39984
38
39992
70
40002
8
40008
48
40014
9
40014
45
40024
98
40030
92
40034
53
40035
79
40035
65
40046
48
40064
84
40086
47
40087
54
40096
38
40104
94
40125
62
40127
62
40130
78
40135
10
40136
54
40153
99
40176
96
40182
44
40185
97
40186
23
40197
67
40201
50
40226
4
40231
88
40244
87
40278
73
40291
47
40299
34
40300
33
40323
91
40327
31
40340
25
40347
43
40349
62
40352
41
40358
42
40360
45
40372
87
40377
48
40377
35
40384
32
40392
9
40400
48
40402
10
40417
70
40425
53
40432
60
40442
65
40451
96
40456
56
40468
87
40473
14
40486
5
40504
42
40519
53
40521
92
40528
14
40539
99
40550
77
40559
47
40560
89
40567
60
40572
23
40573
84
40576
21
40584
63
40587
77
40626
17
40631
49
40640
24
40642
3
40644
81
40658
32
40673
51
40691
42
40704
53
40704
3
40725
1
40725
17
40733
51
40773
8
40779
56
40801
16
40805
12
40811
97
40815
69
40822
55
40822
63
40825
67
40833
32
40834
9
40846
8
40868
43
40869
31
40876
91
40886
63
40909
93
40925
19
40934
31
40938
93
40951
43
40959
86
41003
25
41005
26
41012
88
41018
66
41025
79
41030
42
41030
66
41053
47
41054
44
41058
73
41072
54
41083
60
41089
37
41091
51
41095
28
41096
43
41099
13
41118
46
41133
26
41137
73
41144
5
41147
68
41156
55
41160
95
41167
82
41169
47
41177
66
41190
13
41200
91
41212
60
41223
50
41229
16
41234
37
41236
37
41248
81
41259
67
41277
78
41298
99
41303
14
41306
22
41311
71
41320
67
41339
81
41339
59
41344
69
41363
60
41368
2
41370
33
41372
57
41380
79
41387
5
41392
62
41410
47
41416
59
41421
8
41423
28
41425
57
41437
73
41448
92
41457
48
41467
32
41471
93
41492
63
41493
69
41495
29
41511
95
41529
87
41536
59
41542
93
41555
100
41593
80
41614
16
41629
19
41640
12
41657
74
41662
87
41704
23
41705
27
41706
20
41714
79
41719
6
41723
76
41727
40
41730
4
41782
35
41788
100
41793
31
41802
43
41803
72
41804
75
41810
90
41818
56
41836
67
41843
4
41847
76
41856
48
41869
51
41877
62
41892
6
41912
43
41935
14
41939
85
41964
58
41967
32
41972
48
41976
84
41986
70
41988
70
41997
10
42000
41
42037
48
42044
67
42058
17
42065
40
42066
70
42081
3
42094
39
42103
53
42108
45
42122
62
42136
79
42138
87
42138
17
42151
97
42171
42
42183
44
42187
44
42284
92
42317
6
42330
49
42337
87
42347
19
42347
85
42357
96
42358
2
42360
32
42363
31
42364
23
42367
1
42368
93
42380
64
42387
1
42388
59
42395
32
42396
92
42399
81
42407
86
42408
82
42415
33
42418
82
42456
43
42458
11
42462
20
42465
12
42470
7
42481
62
42493
55
42499
3
42504
5
42520
60
42532
51
42535
43
42536
30
42538
36
42545
39
42569
83
42572
19
42599
21
42617
6
42641
72
42691
13
42699
21
42706
24
42713
72
42735
52
42735
15
42739
4
42747
37
42772
96
42775
36
42811
70
42814
90
42818
98
42822
90
42859
1
42860
56
42878
51
42878
56
42896
58
42904
7
42926
67
42927
61
42989
2
42992
49
42995
48
43010
92
43017
31
43019
66
43032
12
43035
88
43038
37
43038
25
43043
8
43043
12
43044
48
43097
11
43098
78
43111
51
43115
99
43123
73
43126
38
43141
69
43154
15
43162
35
43184
58
43186
15
43195
42
43225
60
43232
22
43263
100
43266
18
43285
89
43289
12
43289
19
43309
89
43347
59
43348
10
43349
19
43351
24
43363
22
43365
59
43369
13
43369
98
43380
66
43380
24
43386
45
43390
77
43399
2
43414
95
43416
75
43442
26
43447
32
43451
95
43455
92
43507
18
43508
52
43509
7
43522
59
43524
63
43536
80
43548
10
43550
81
43554
68
43566
21
43578
51
43583
56
43592
31
43596
61
43607
27
43609
55
43611
34
43624
85
43629
19
43633
31
43641
2
43657
94
43667
75
43667
30
43671
47
43674
21
43680
57
43705
25
43714
4
43717
51
43724
16
43732
73
43750
55
43771
74
43817
83
43818
69
43823
54
43823
93
43830
49
43835
73
43837
65
43839
52
43843
81
43850
96
43863
12
43865
59
43898
2
43900
45
43902
43
43908
72
43909
27
43932
96
43973
65
43974
1
43983
26
43985
12
43987
73
43993
34
43995
88
44017
76
44024
84
44035
3
44044
48
44047
90
44047
29
44062
30
44065
59
44087
82
44090
74
44108
59
44115
54
44127
91
44131
10
44136
86
44172
38
44173
73
44174
44
44184
39
44196
69
44210
38
44214
62
44218
95
44243
34
44248
26
44279
47
44282
11
44312
89
44321
19
44365
44
44370
76
44372
46
44373
79
44380
31
44382
93
44382
21
44397
11
44417
75
44418
31
44422
92
44425
48
44427
89
44429
97
44440
38
44445
51
44446
83
44450
75
44450
75
44451
78
44457
65
44464
44
44467
16
44472
26
44473
90
44485
1
44499
4
44546
89
44570
11
44604
92
44605
7
44612
6
44617
20
44647
53
44678
36
44699
2
44709
97
44711
56
44717
12
44726
71
44728
86
44730
55
44747
71
44747
27
44749
3
44751
60
44752
29
44754
85
44761
87
44774
3
44787
15
44808
51
44812
98
44815
30
44823
29
44844
40
44851
30
44852
32
44876
28
44881
92
44908
75
44910
86
44916
49
44918
46
44929
90
44934
36
44967
99
44982
39
45002
44
45006
62
45012
9
45021
81
45042
16
45045
31
45047
7
45051
19
45053
91
45083
87
45119
55
45141
77
45144
42
45146
69
45155
79
45158
91
45178
50
45179
7
45181
30
45187
31
45188
90
45188
9
45211
74
45217
17
45221
47
45222
22
45231
14
45273
36
45278
10
45285
13
45286
26
45298
53
45301
74
45305
87
45324
33
45325
42
45328
17
45340
92
45342
60
45347
7
45348
78
45353
14
45360
35
45374
71
45404
35
45443
14
45456
62
45463
84
45466
72
45490
43
45492
67
45495
62
45497
4
45499
40
45505
30
45506
50
45512
14
45536
43
45555
37
45559
23
45579
7
45591
63
45601
27
45607
33
45608
49
45617
59
45628
74
45631
17
45635
2
45665
33
45699
76
45706
32
45720
98
45722
10
45728
2
45744
84
45745
23
45748
15
45756
20
45765
95
45769
58
45774
86
45785
8
45794
61
45801
77
45839
89
45850
10
45855
90
45870
83
45880
98
45881
64
45891
90
45895
60
45933
90
45939
22
45952
60
45957
49
45986
95
45987
29
46008
2
46011
79
46014
4
46021
33
46036
28
46045
13
46053
35
46057
12
46087
88
46107
49
46112
31
46118
34
46126
58
46187
68
46193
93
46218
18
46222
44
46222
81
46227
79
46239
34
46239
63
46252
29
46253
97
46266
52
46270
88
46278
39
46322
25
46352
100
46355
39
46416
71
46427
28
46434
40
46435
49
46441
31
46450
73
46471
77
46489
95
46491
7
46495
40
46502
82
46505
7
46512
22
46548
15
46564
65
46572
89
46581
7
46581
34
46596
32
46624
39
46632
13
46637
17
46645
2
46646
41
46651
66
46651
5
46657
80
46666
4
46695
82
46702
31
46707
42
46712
52
46769
10
46772
81
46787
53
46795
92
46802
53
46804
81
46813
87
46816
11
46817
20
46820
68
46841
18
46854
41
46864
35
46881
34
46910
29
46915
93
46929
67
46929
12
46945
32
46945
31
46951
29
46953
85
46958
23
46959
94
46981
89
46987
55
46999
97
47005
22
47045
37
47069
90
47072
74
47077
47
47082
70
47084
26
47091
38
47108
75
47109
6
47110
76
47124
85
47125
77
47139
96
47161
54
47165
17
47190
30
47193
39
47196
97
47202
74
47215
6
47227
8
47238
5
47244
88
47248
36
47253
41
47259
63
47260
81
47264
82
47314
17
47351
29
47353
3
47356
53
47357
18
47363
76
47365
51
47379
40
47381
53
47385
41
47389
14
47423
10
47431
16
47438
50
47441
38
47462
11
47467
4
47479
54
47481
92
47506
94
47511
2
47514
66
47520
51
47525
10
47537
22
47540
39
47541
97
47549
63
47551
1
47560
30
47577
44
47590
69
47599
58
47613
46
47614
73
47644
76
47650
74
47654
24
47662
67
47686
78
47693
64
47707
80
47717
40
47723
79
47729
81
47738
77
47739
42
47743
36
47756
83
47759
33
47768
30
47777
84
47783
98
47808
80
47813
93
47813
72
47820
18
47829
42
47833
34
47836
70
47838
71
47841
77
47847
90
47854
80
47857
74
47888
63
47917
7
47919
99
47928
86
47933
73
47948
77
47951
1
47957
4
47967
16
47976
79
47977
85
47979
92
47984
72
48024
20
48032
26
48040
5
48044
49
48064
10
48071
54
48084
29
48086
54
48091
25
48097
98
48101
95
48104
10
48107
68
48124
17
48125
38
48130
57
48132
97
48136
12
48147
71
48165
3
48189
62
48203
56
48235
28
48238
38
48251
8
48251
31
48253
5
48256
39
48266
15
48277
49
48277
10
48277
35
48282
74
48283
14
48285
83
48294
83
48304
20
48320
63
48323
37
48334
96
48335
61
48356
83
48370
6
48371
80
48388
52
48392
43
48399
88
48429
100
48430
6
48443
59
48447
54
48456
68
48472
66
48472
81
48475
57
48508
74
48514
12
48514
62
48517
12
48531
78
48545
10
48546
21
48549
12
48552
83
48612
87
48616
47
48626
18
48633
58
48634
61
48636
6
48653
53
48659
73
48692
40
48694
58
48707
52
48710
43
48717
53
48718
40
48725
42
48732
10
48732
50
48737
96
48743
29
48758
15
48759
28
48766
86
48789
40
48796
39
48814
99
48826
3
48827
69
48841
60
48863
76
48880
32
48892
94
48894
62
48909
30
48920
11
48923
19
48927
91
48944
68
48947
23
48953
63
48958
8
48960
81
48978
15
48985
50
48987
85
48987
6
49009
44
49017
46
49038
7
49040
91
49049
75
49063
73
49065
18
49067
12
49093
13
49146
9
49155
62
49158
15
49161
77
49163
21
49196
42
49200
8
49209
14
49211
3
49220
38
49223
77
49228
73
49244
80
49248
44
49249
96
49252
42
49260
3
49283
28
49295
8
49298
5
49299
64
49310
65
49325
48
49347
9
49348
71
49348
38
49355
35
49365
96
49368
7
49368
98
49375
8
49383
15
49383
59
49392
74
49402
43
49409
31
49411
16
49432
51
49455
97
49456
70
49462
40
49473
25
49482
43
49492
19
49508
68
49511
90
49511
12
49522
23
49536
17
49536
20
49555
27
49566
32
49576
36
49594
26
49603
40
49607
59
49616
15
49616
27
49621
54
49633
21
49637
24
49655
61
49656
88
49663
35
49666
86
49669
30
49686
17
49699
53
49715
80
49719
13
49723
75
49728
71
49731
37
49733
17
49750
89
49758
57
49765
58
49766
53
49777
79
49789
26
49796
24
49812
57
49825
57
49830
59
49833
34
49837
48
49878
17
49882
48
49882
74
49903
70
49912
68
49934
50
49935
82
49940
55
49941
36
49964
20
49979
85
50003
52
50004
72
50025
16
50036
17
50063
98
50076
87
50100
5
50101
14
50108
27
50131
61
50133
23
50143
79
50151
91
50160
48
50167
2
50173
99
50180
56
50185
13
50196
32
50203
4
50204
29
50211
79
50212
29
50219
51
50220
99
50228
78
50229
84
50238
5
50240
13
50257
3
50260
41
50261
17
50277
27
50278
9
50281
33
50290
24
50290
95
50293
37
50306
90
50309
73
50319
50
50332
64
50338
4
50341
92
50350
64
50354
57
50365
43
50374
19
50394
69
50395
74
50397
74
50401
50
50411
5
50420
3
50420
52
50443
55
50445
32
50455
35
50463
59
50467
97
50467
90
50482
52
50483
13
50485
68
50510
60
50511
97
50564
91
50570
6
50570
33
50571
32
50575
30
50578
34
50597
48
50618
33
50619
78
50621
11
50634
42
50637
20
50639
81
50644
62
50646
93
50657
55
50686
11
50699
49
50701
9
50705
62
50723
3
50771
92
50771
49
50782
14
50794
88
50800
38
50800
17
50801
52
50807
57
50817
76
50822
48
50832
47
50847
33
50861
33
50864
31
50865
62
50869
18
50888
78
50899
47
50905
95
50905
40
50925
88
50932
14
50949
20
50951
49
50953
59
50957
74
50996
12
51021
7
51029
34
51034
73
51035
62
51041
26
51056
73
51066
27
51073
65
51078
62
51093
43
51094
17
51107
18
51109
18
51117
16
51120
17
51123
2
51129
48
51130
99
51131
63
51148
66
51155
76
51158
9
51164
60
51164
15
51166
48
51188
26
51200
34
51203
97
51212
84
51222
60
51222
8
51223
90
51237
45
51238
32
51238
3
51239
70
51267
5
51277
29
51282
87
51327
18
51328
71
51351
3
51361
36
51377
40
51383
18
51389
4
51406
41
51410
18
51434
2
51448
4
51458
35
51460
29
51480
64
51509
94
51511
43
51522
12
51525
71
51542
28
51546
60
51556
54
51559
39
51574
67
51582
96
51600
84
51608
98
51610
98
51623
5
51627
54
51631
27
51632
91
51633
72
51660
97
51663
45
51675
59
51684
37
51689
15
51705
62
51713
29
51714
32
51720
63
51727
84
51742
66
51750
91
51763
48
51771
11
51782
85
51793
11
51794
82
51806
64
51812
70
51821
87
51845
55
51864
88
51867
82
51910
38
51911
85
51924
80
51942
94
51946
91
51955
6
51965
37
52011
14
52018
54
52027
81
52041
72
52051
42
52053
95
52070
85
52075
71
52089
78
52097
47
52105
54
52105
95
52107
89
52109
53
52111
6
52113
73
52175
15
52188
39
52203
88
52203
84
52240
25
52240
42
52240
71
52250
7
52262
31
52262
8
52264
38
52274
77
52275
50
52295
95
52302
13
52305
63
52310
48
52315
93
52320
86
52322
90
52342
40
52355
70
52362
12
52365
69
52367
16
52386
17
52389
64
52396
56
52399
70
52405
69
52407
80
52408
36
52408
59
52415
67
52421
20
52436
83
52440
9
52443
42
52456
41
52464
91
52474
1
52481
78
52491
67
52500
50
52505
72
52510
79
52515
64
52544
72
52547
24
52577
49
52581
13
52598
15
52606
18
52607
24
52613
83
52616
85
52617
40
52623
46
52638
40
52663
61
52682
66
52684
19
52695
97
52697
24
52724
38
52739
68
52749
59
52751
98
52773
61
52821
99
52830
88
52838
14
52858
29
52860
55
52878
63
52893
100
52895
85
52901
79
52921
71
52921
8
52922
27
52941
35
52943
74
52951
97
52973
58
52986
57
52996
81
53001
50
53002
2
53008
73
53026
10
53027
68
53054
43
53055
58
53058
91
53061
80
53068
25
53077
49
53106
77
53116
38
53143
100
53143
17
53180
51
53195
28
53199
23
53200
65
53210
79
53243
7
53251
43
53251
2
53251
67
53258
22
53263
36
53263
40
53269
18
53282
94
53285
96
53291
50
53292
95
53294
50
53300
74
53305
4
53308
17
53309
17
53311
14
53332
59
53335
48
53344
90
53361
60
53383
77
53388
27
53394
59
53399
93
53420
29
53422
38
53430
15
53430
94
53440
16
53462
73
53473
36
53485
17
53486
91
53487
57
53500
5
53515
31
53541
26
53548
50
53553
78
53559
76
53563
44
53566
27
53571
49
53573
47
53589
95
53593
17
53615
12
53618
54
53626
17
53633
2
53645
13
53650
93
53659
28
53662
23
53681
37
53682
57
53694
60
53700
3
53711
2
53713
75
53721
75
53723
37
53727
44
53733
66
53735
46
53765
48
53774
48
53775
23
53780
97
53781
77
53799
98
53829
40
53836
4
53847
99
53855
38
53875
50
53922
67
53927
50
53931
3
53935
83
53936
51
53937
67
53947
27
53948
30
53949
89
53953
63
53963
38
53995
48
54034
65
54044
39
54049
75
54068
40
54087
28
54088
18
54099
57
54112
25
54123
65
54131
56
54148
47
54151
13
54151
32
54153
97
54162
4
54183
87
54209
47
54219
41
54220
37
54227
65
54235
90
54238
39
54246
48
54246
92
54247
58
54269
26
54271
74
54287
46
54291
89
54315
11
54322
46
54328
53
54333
2
54336
20
54350
44
54359
81
54360
89
54366
52
54388
5
54395
5
54401
7
54421
3
54423
17
54433
39
54461
99
54462
20
54484
77
54490
97
54515
12
54519
13
54529
62
54543
2
54564
4
54565
61
54571
45
54580
61
54586
86
54596
18
54596
58
54629
26
54629
81
54631
3
54633
31
54660
82
54664
74
54673
74
54680
62
54680
62
54690
78
54693
18
54699
66
54715
36
54717
20
54724
82
54725
26
54726
71
54737
53
54739
3
54751
67
54752
65
54764
15
54782
28
54790
18
54831
18
54836
40
54842
62
54850
78
54855
26
54856
32
54858
88
54878
51
54879
12
54888
90
54901
33
54903
45
54933
64
54934
59
54941
58
54949
77
54964
36
54988
75
55011
43
55020
71
55048
46
55057
24
55059
97
55069
16
55082
29
55090
99
55090
35
55092
93
55102
65
55109
62
55126
10
55128
83
55162
54
55187
23
55211
12
55212
31
55233
54
55238
99
55239
33
55243
17
55258
41
55264
66
55287
61
55303
56
55320
24
55323
70
55328
32
55331
59
55354
96
55380
74
55391
81
55398
42
55413
50
55418
29
55435
9
55435
78
55446
27
55458
43
55463
70
55465
44
55468
57
55477
31
55496
26
55505
10
55511
53
55523
89
55525
40
55530
7
55544
88
55550
72
55582
75
55600
80
55613
89
55624
88
55626
87
55635
12
55636
57
55647
18
55658
22
55677
53
55681
44
55692
3
55743
46
55754
45
55765
31
55792
54
55792
22
55793
10
55795
97
55795
43
55798
53
55811
53
55845
25
55854
30
55863
14
55886
77
55886
18
55888
53
55901
35
55914
57
55922
76
55924
10
55937
88
55940
65
55949
97
55964
74
55964
76
55966
5
55972
44
55977
50
55981
9
55985
87
55989
52
55995
54
55996
31
56009
34
56014
60
56020
4
56058
95
56058
56
56062
98
56063
99
56080
60
56092
22
56108
80
56111
73
56126
98
56171
98
56174
77
56180
85
56196
6
56233
52
56241
46
56252
94
56282
68
56295
94
56303
19
56311
96
56352
98
56353
62
56358
45
56361
7
56373
100
56395
48
56405
12
56406
30
56407
81
56412
71
56417
85
56420
28
56425
26
56428
82
56434
26
56448
37
56452
3
56457
6
56457
9
56470
53
56472
55
56474
85
56478
89
56481
12
56481
89
56485
34
56486
5
56502
56
56531
27
56565
76
56581
3
56581
24
56586
37
56592
47
56594
82
56601
37
56604
94
56616
94
56644
18
56650
27
56657
16
56672
3
56693
54
56706
94
56744
84
56746
31
56765
30
56790
39
56795
36
56817
39
56829
43
56850
42
56852
75
56861
31
56866
54
56887
15
56888
64
56901
10
56908
71
56921
90
56929
85
56949
73
56952
65
56954
74
56973
72
56992
99
56996
62
56996
65
57026
44
57035
79
57073
91
57078
59
57089
33
57097
96
57099
52
57103
69
57111
27
57126
82
57138
7
57155
14
57158
72
57173
49
57176
56
57183
98
57187
31
57188
9
57200
13
57204
94
57218
18
57231
35
57249
35
57256
55
57258
59
57260
51
57266
28
57313
30
57320
49
57330
89
57367
47
57371
44
57408
19
57408
89
57409
3
57411
52
57432
85
57433
6
57437
72
57451
11
57452
87
57477
30
57480
24
57482
10
57488
78
57510
31
57540
8
57543
60
57562
91
57597
72
57612
53
57612
9
57620
6
57622
39
57627
15
57643
64
57645
89
57647
94
57648
46
57655
90
57659
34
57685
92
57696
33
57720
52
57727
80
57730
87
57771
55
57792
16
57793
93
57809
78
57821
78
57823
31
57839
7
57855
54
57872
93
57878
36
57886
84
57900
52
57920
95
57927
75
57930
23
57932
47
57935
35
57955
80
57959
85
57964
1
57971
95
58010
26
58019
94
58027
40
58038
15
58059
27
58060
83
58080
99
58087
30
58089
15
58108
38
58125
85
58129
82
58140
30
58152
62
58153
60
58161
12
58162
21
58172
13
58175
4
58183
56
58183
48
58193
55
58204
51
58204
22
58206
29
58214
97
58217
8
58220
8
58234
34
58237
8
58239
3
58260
11
58264
1
58269
94
58278
77
58285
79
58301
29
58314
75
58320
9
58322
95
58323
12
58325
45
58325
76
58325
93
58326
58
58335
35
58338
5
58340
78
58349
47
58386
8
58387
34
58393
47
58401
15
58404
84
58406
20
58411
43
58435
32
58437
28
58451
51
58476
17
58487
87
58491
5
58499
27
58506
40
58511
50
58521
3
58548
18
58553
30
58557
78
58564
78
58580
24
58584
41
58627
22
58639
100
58650
34
58654
32
58670
34
58670
90
58671
9
58681
33
58681
49
58685
94
58685
79
58691
63
58718
77
58721
98
58722
6
58725
61
58730
77
58731
8
58743
77
58744
64
58760
64
58761
4
58783
3
58842
65
58856
6
58860
72
58869
95
58906
35
58907
50
58934
18
58943
28
58948
71
58951
17
58952
13
58959
2
58969
3
59021
2
59023
63
59027
35
59069
50
59075
56
59089
65
59099
65
59103
85
59103
14
59152
70
59160
97
59162
91
59180
29
59191
73
59206
54
59219
44
59241
28
59247
8
59253
8
59266
86
59285
79
59307
54
59308
72
59315
28
59319
72
59321
99
59323
51
59326
40
59333
11
59337
4
59338
42
59354
12
59368
66
59368
76
59380
14
59389
74
59392
92
59404
78
59411
10
59413
6
59415
99
59439
6
59440
96
59488
79
59517
30
59519
1
59539
22
59543
58
59543
8
59547
81
59549
43
59554
38
59581
35
59584
14
59584
18
59591
58
59607
65
59607
68
59634
97
59636
75
59637
71
59643
39
59644
39
59645
89
59664
66
59682
4
59689
62
59708
58
59718
81
59746
23
59768
63
59769
31
59781
28
59782
10
59792
61
59798
57
59810
10
59813
34
59847
66
59851
69
59855
14
59891
8
59897
6
59908
100
59915
74
59934
23
59943
9
59947
38
59950
42
59969
6
59989
64
59991
13
59997
96
60009
54
60038
53
60060
13
60061
57
60064
66
60064
70
60069
89
60080
88
60084
84
60086
71
60086
15
60098
93
60107
31
60115
23
60122
2
60124
64
60126
89
60127
70
60154
30
60158
48
60160
28
60166
81
60189
21
60215
50
60238
90
60244
10
60247
92
60254
47
60260
26
60264
56
60272
94
60275
79
60278
60
60283
6
60286
88
60286
25
60314
76
60321
76
60329
12
60340
11
60344
47
60348
78
60366
4
60367
29
60369
52
60377
57
60380
93
60420
40
60421
27
60453
74
60461
88
60462
6
60466
54
60473
60
60474
7
60485
95
60487
22
60519
98
60528
93
60534
99
60542
5
60547
86
60549
77
60554
64
60567
92
60578
64
60580
40
60583
19
60589
92
60597
51
60627
29
60627
90
60635
80
60639
32
60639
18
60642
32
60649
89
60674
62
60675
23
60680
67
60682
35
60685
10
60686
72
60688
89
60696
22
60699
78
60702
35
60703
95
60709
28
60710
28
60715
93
60723
84
60729
13
60729
21
60735
100
60739
56
60750
37
60751
39
60757
74
60778
28
60779
90
60811
3
60811
17
60832
21
60839
86
60849
86
60887
4
60911
26
60921
48
60923
27
60933
92
60957
82
60963
88
60966
15
60969
22
60974
9
60975
45
60980
57
60980
55
60992
72
60998
36
61001
47
61009
7
61014
48
61020
68
61037
6
61040
4
61052
56
61066
45
61068
29
61073
83
61077
86
61082
31
61102
51
61104
6
61109
69
61114
88
61125
10
61132
94
61135
35
61142
36
61170
86
61190
17
61191
75
61198
52
61211
90
61228
84
61238
96
61240
98
61250
90
61272
19
61276
33
61281
37
61291
26
61296
81
61300
56
61302
31
61333
36
61334
11
61339
27
61362
64
61369
45
61379
12
61380
47
61383
47
61392
70
61396
15
61403
34
61403
31
61414
60
61417
69
61423
18
61426
97
61430
37
61430
92
61442
49
61448
78
61451
75
61457
44
61459
76
61465
17
61476
15
61490
8
61505
53
61520
40
61538
40
61550
60
61565
22
61582
27
61591
70
61610
49
61663
91
61666
66
61667
12
61697
89
61704
12
61707
81
61713
55
61721
97
61739
11
61740
14
61740
65
61750
28
61760
63
61765
53
61768
20
61771
11
61802
31
61803
46
61803
6
61822
6
61825
62
61843
20
61873
65
61881
66
61890
59
61905
5
61912
25
61916
33
61916
31
61918
46
61919
81
61924
73
61935
11
61943
92
61945
13
61953
74
61998
25
62028
19
62063
71
62084
35
62096
85
62099
87
62106
63
62109
47
62124
40
62132
34
62145
57
62150
22
62164
79
62166
62
62188
27
62196
93
62200
82
62201
43
62210
58
62212
92
62214
47
62215
83
62238
24
62252
30
62256
28
62270
56
62276
54
62283
91
62289
48
62302
67
62332
64
62367
72
62371
37
62388
86
62399
58
62408
21
62420
73
62423
72
62438
67
62449
64
62454
5
62471
23
62489
85
62502
84
62519
37
62523
63
62524
28
62537
18
62558
5
62575
85
62581
61
62609
4
62611
67
62622
85
62624
85
62627
47
62628
40
62629
38
62648
37
62649
39
62654
56
62660
52
62669
62
62669
93
62690
38
62704
20
62705
13
62737
62
62746
91
62757
32
62775
25
62779
48
62790
6
62794
9
62797
83
62831
42
62850
23
62860
10
62872
11
62880
27
62902
94
62906
72
62912
82
62921
61
62944
8
62948
66
62953
59
62974
47
62974
56
62982
95
62993
38
62999
11
63002
98
63012
99
63026
55
63037
35
63039
70
63058
20
63064
48
63065
61
63066
51
63087
72
63090
8
63094
56
63100
32
63111
42
63116
98
63162
54
63171
51
63211
60
63226
33
63235
44
63249
83
63255
14
63307
56
63307
90
63327
32
63332
14
63364
37
63383
87
63384
60
63386
26
63411
97
63418
58
63418
24
63421
4
63441
44
63473
94
63487
23
63498
92
63523
6
63527
73
63535
15
63541
65
63551
80
63551
99
63582
6
63582
77
63586
52
63589
56
63597
89
63611
36
63619
51
63643
71
63670
2
63672
7
63672
61
63675
33
63689
72
63701
49
63712
19
63741
84
63752
74
63781
67
63789
41
63805
97
63806
70
63832
36
63842
42
63875
92
63876
79
63896
47
63905
64
63905
94
63914
11
63916
44
63918
92
63919
68
63946
72
63950
95
63951
23
63970
12
63974
31
63974
26
63983
83
64002
32
64017
84
64029
95
64049
64
64075
7
64080
43
64104
34
64113
90
64119
68
64125
100
64141
30
64150
16
64156
22
64168
18
64170
58
64176
13
64209
96
64217
56
64225
29
64244
41
64245
19
64259
24
64263
32
64266
86
64266
47
64275
79
64306
61
64319
11
64323
9
64325
86
64332
93
64336
92
64364
21
64400
39
64401
7
64402
27
64431
33
64480
92
64480
17
64484
100
64494
91
64510
98
64546
67
64548
64
64548
15
64561
24
64575
77
64597
63
64599
32
64613
57
64613
3
64638
50
64645
32
64661
87
64678
35
64682
78
64691
65
64694
47
64706
88
64707
25
64751
32
64754
32
64754
68
64771
4
64777
22
64778
74
64791
31
64817
54
64826
65
64836
47
64837
5
64845
7
64851
96
64864
72
64873
71
64873
11
64894
47
64909
99
64915
73
64916
78
64917
7
64919
75
64922
27
64925
38
64935
61
64945
14
64946
67
64959
77
64960
60
64965
7
64980
1
64982
44
64984
90
64990
20
65000
47
65008
12
65011
93
65034
29
65035
65
65051
9
65059
27
65070
70
65083
68
65090
23
65096
41
65106
90
65119
33
65123
87
65161
88
65164
57
65170
17
65191
46
65202
83
65204
43
65209
83
65211
96
65215
8
65220
1
65238
72
65244
20
65254
7
65277
25
65287
15
65298
97
65315
44
65319
13
65322
8
65329
89
65351
42
65365
24
65433
97
65440
68
65444
45
65450
16
65452
90
65452
85
65453
5
65471
74
65472
24
65472
44
65496
30
65499
40
65506
89
65521
13
65524
34
65541
23
65562
60
65563
94
65583
24
65591
31
65601
13
65613
82
65614
7
65616
79
65622
78
65622
51
65629
91
65646
37
65666
91
65676
32
65679
13
65686
39
65689
52
65693
57
65713
55
65752
41
65776
94
65788
59
65794
67
65797
69
65834
55
65849
96
65851
60
65861
43
65876
60
65883
45
65884
66
65884
19
65887
38
65899
41
65909
2
65926
2
65947
22
65960
8
65975
80
65984
52
65988
10
65990
71
65994
88
65998
100
66008
54
66009
52
66010
91
66018
5
66020
9
66043
45
66058
98
66060
2
66060
55
66088
64
66088
22
66089
9
66105
11
66112
81
66148
52
66174
71
66174
25
66186
69
66193
41
66196
63
66222
61
66231
94
66234
16
66237
82
66271
54
66279
96
66287
33
66311
63
66311
18
66322
73
66324
15
66335
71
66340
24
66341
5
66349
76
66351
84
66357
1
66359
73
66374
37
66376
55
66381
36
66385
58
66391
16
66416
46
66425
38
66430
67
66442
68
66451
63
66463
87
66469
61
66474
77
66474
47
66480
54
66486
92
66497
80
66510
7
66526
39
66533
13
66544
22
66549
56
66555
37
66567
88
66582
27
66592
12
66592
44
66595
2
66599
96
66599
44
66601
26
66605
32
66615
50
66645
61
66647
42
66664
65
66669
58
66688
79
66695
83
66703
78
66708
93
66729
69
66737
38
66747
21
66748
67
66790
43
66794
13
66803
47
66814
2
66825
51
66845
11
66857
23
66875
7
66886
47
66892
62
66908
85
66925
58
66940
5
66945
38
66946
5
66949
48
66949
63
66953
89
66980
49
66983
75
66987
30
66994
14
67039
32
67046
60
67046
96
67047
61
67054
5
67064
17
67079
50
67094
25
67101
83
67116
45
67125
37
67132
81
67135
46
67141
40
67150
91
67152
20
67160
98
67161
89
67163
81
67176
82
67176
99
67185
37
67185
19
67189
3
67192
36
67195
81
67196
43
67214
84
67222
7
67233
72
67244
97
67246
90
67264
84
67297
45
67316
51
67332
88
67348
61
67354
100
67356
12
67366
95
67382
44
67390
1
67410
76
67412
41
67415
92
67439
18
67463
60
67484
89
67503
7
67505
92
67512
22
67513
5
67531
28
67543
92
67545
59
67553
63
67574
24
67582
2
67584
47
67595
30
67618
25
67639
95
67648
19
67648
8
67653
39
67664
69
67667
47
67690
99
67701
21
67711
59
67726
46
67735
16
67743
11
67753
21
67754
9
67774
2
67776
38
67781
68
67789
90
67797
44
67798
12
67806
11
67822
100
67827
91
67830
54
67835
11
67848
54
67854
77
67860
12
67869
52
67893
6
67901
88
67907
46
67916
24
67927
96
67933
37
67934
45
67934
42
67935
87
67936
17
67937
52
67958
32
67961
84
67973
62
67974
52
67981
92
67988
63
67989
42
68000
12
68019
4
68031
37
68074
23
68080
66
68083
37
68087
13
68098
19
68113
47
68118
18
68136
95
68152
10
68152
69
68155
100
68158
97
68160
67
68164
76
68164
44
68167
55
68169
72
68174
38
68177
41
68197
88
68200
41
68206
73
68224
71
68225
3
68287
76
68290
15
68310
17
68341
17
68345
26
68366
21
68371
54
68399
48
68421
86
68444
42
68446
12
68481
57
68485
40
68524
82
68540
51
68546
49
68561
2
68566
3
68567
97
68570
20
68588
78
68600
93
68608
74
68608
49
68612
30
68624
15
68631
88
68638
70
68675
39
68684
10
68690
24
68692
14
68692
24
68708
41
68725
83
68734
49
68737
13
68741
36
68759
48
68766
50
68771
77
68771
12
68775
6
68779
68
68793
93
68823
57
68839
16
68842
94
68858
11
68869
64
68882
14
68894
88
68901
8
68912
87
68914
88
68915
37
68918
53
68921
75
68931
59
68941
91
68949
84
68984
34
69011
57
69029
60
69036
26
69037
39
69046
8
69060
38
69083
74
69086
56
69089
88
69091
2
69091
67
69094
93
69105
69
69111
59
69112
1
69122
36
69123
4
69129
11
69129
51
69131
17
69134
50
69145
59
69146
56
69146
89
69159
47
69161
8
69176
15
69181
57
69189
51
69198
51
69204
91
69206
7
69213
10
69235
68
69236
45
69240
17
69245
6
69252
70
69283
72
69286
45
69304
23
69316
90
69332
89
69343
91
69361
100
69362
90
69366
78
69366
4
69385
52
69403
28
69407
72
69412
54
69426
38
69427
27
69430
42
69435
85
69437
87
69470
57
69475
41
69484
37
69489
7
69493
83
69495
95
69505
16
69520
51
69536
39
69542
84
69550
8
69555
60
69557
56
69557
52
69561
82
69570
97
69575
40
69597
24
69598
97
69611
81
69620
1
69639
52
69644
85
69644
80
69646
75
69702
38
69724
18
69725
54
69781
31
69813
2
69818
40
69819
87
69824
94
69839
28
69847
45
69851
77
69862
22
69876
12
69884
79
69885
60
69892
96
69910
86
69929
71
69940
3
69951
37
69962
52
69972
99
69973
28
70046
75
70050
47
70068
9
70075
27
70079
50
70081
45
70082
6
70112
25
70118
82
70145
75
70156
78
70158
64
70160
76
70161
17
70174
51
70175
22
70185
96
70187
47
70188
98
70192
17
70197
59
70212
76
70222
28
70234
54
70244
13
70245
98
70273
56
70275
49
70276
49
70292
54
70295
76
70338
75
70361
53
70370
36
70373
1
70374
2
70385
80
70400
6
70403
78
70411
13
70413
81
70418
55
70428
77
70429
8
70437
23
70470
79
70471
81
70476
18
70488
77
70489
78
70524
86
70542
35
70543
5
70563
13
70572
88
70580
69
70581
62
70591
95
70592
17
70603
10
70606
49
70615
45
70629
84
70666
53
70672
32
70693
36
70714
6
70715
64
70720
42
70732
84
70742
76
70745
74
70746
90
70748
4
70764
33
70779
13
70783
34
70798
14
70803
82
70809
11
70829
43
70829
20
70861
97
70871
100
70874
84
70874
85
70892
68
70901
46
70922
31
70938
37
70950
7
70951
79
70961
81
70966
43
70974
83
70982
12
70997
78
71007
89
71026
75
71029
71
71057
24
71085
3
71090
44
71093
13
71094
58
71118
29
71130
77
71138
44
71143
94
71146
11
71153
6
71175
36
71195
30
71228
2
71251
87
71255
13
71257
38
71260
55
71266
58
71273
21
71279
91
71299
65
71303
99
71305
23
71305
7
71310
34
71319
86
71339
84
71351
74
71382
13
71391
55
71402
97
71408
67
71419
50
71420
9
71430
24
71447
30
71463
86
71467
19
71472
23
71492
96
71495
76
71518
11
71531
25
71535
30
71573
97
71576
89
71597
19
71601
51
71632
47
71650
39
71651
93
71655
63
71658
90
71662
15
71670
69
71674
23
71677
1
71682
4
71702
96
71718
65
71723
10
71731
92
71732
31
71733
12
71755
52
71757
6
71757
93
71760
37
71763
25
71790
16
71802
84
71814
52
71822
26
71822
60
71833
81
71833
74
71836
49
71882
100
71885
77
71886
47
71897
90
71937
69
71943
9
71972
79
71973
36
71975
29
71980
53
71983
88
72000
84
72000
48
72006
52
72016
46
72017
91
72026
82
72047
57
72053
43
72065
87
72084
49
72107
31
72152
63
72170
16
72172
67
72177
15
72187
93
72190
26
72190
95
72261
67
72295
26
72302
46
72320
43
72338
24
72351
36
72355
63
72368
84
72379
14
72397
98
72402
12
72406
19
72435
37
72439
48
72450
66
72468
88
72472
93
72480
9
72493
21
72511
1
72512
3
72540
8
72548
1
72561
33
72566
22
72579
17
72580
51
72581
36
72583
61
72595
29
72596
83
72606
27
72612
54
72612
80
72627
21
72642
30
72656
15
72713
84
72737
13
72748
81
72749
33
72790
77
72791
99
72796
70
72829
24
72830
16
72836
9
72838
16
72840
24
72863
30
72869
68
72871
78
72876
89
72893
68
72902
11
72914
62
72920
36
72934
13
72948
98
72953
97
72961
41
72967
32
72985
75
72999
47
73000
11
73000
96
73014
76
73026
78
73034
31
73044
88
73074
58
73089
15
73092
64
73109
8
73112
36
73114
39
73128
23
73135
45
73143
6
73168
99
73170
26
73173
73
73178
76
73180
14
73180
93
73183
38
73188
27
73193
28
73229
51
73231
24
73241
76
73257
43
73264
7
73284
51
73286
89
73302
18
73314
98
73319
64
73336
95
73343
80
73345
4
73358
4
73373
94
73390
19
73392
11
73392
30
73402
58
73416
85
73448
26
73451
63
73454
35
73493
51
73497
88
73507
11
73511
16
73517
80
73531
100
73538
42
73547
7
73555
2
73565
18
73572
83
73573
45
73583
24
73587
85
73615
33
73626
93
73631
82
73639
49
73650
87
73658
13
73702
52
73702
90
73734
6
73736
22
73771
52
73798
87
73805
79
73806
37
73812
64
73818
94
73828
23
73832
14
73833
81
73840
33
73856
81
73868
60
73895
85
73904
75
73910
18
73917
38
73941
44
73964
52
73978
82
73995
67
73996
36
73998
67
74029
60
74038
69
74045
15
74046
98
74063
81
74070
18
74091
40
74101
87
74141
39
74145
91
74146
25
74146
70
74152
79
74169
89
74198
63
74201
2
74205
54
74214
43
74223
86
74227
87
74230
2
74270
70
74284
13
74287
71
74287
8
74294
56
74298
23
74307
41
74311
22
74314
58
74315
7
74315
33
74322
27
74331
73
74361
83
74382
7
74385
42
74405
22
74411
45
74420
33
74426
12
74428
22
74437
2
74446
91
74453
62
74457
16
74459
44
74477
67
74479
58
74513
29
74514
53
74520
11
74526
51
74529
17
74537
81
74539
58
74545
72
74559
55
74568
50
74577
46
74583
13
74583
9
74590
78
74591
91
74591
33
74605
60
74609
49
74614
27
74625
33
74627
46
74662
59
74668
45
74691
67
74699
12
74699
87
74704
80
74710
79
74721
30
74721
46
74733
36
74740
58
74741
51
74761
98
74768
8
74791
67
74801
78
74802
17
74807
39
74822
85
74822
19
74827
84
74871
97
74873
27
74895
13
74909
39
74916
11
74924
25
74951
87
74957
37
74993
57
74995
32
75004
47
75013
53
75018
98
75030
10
75033
39
75041
29
75052
88
75090
20
75114
75
75130
23
75143
30
75187
25
75193
72
75199
89
75201
43
75207
2
75208
6
75220
81
75222
86
75223
76
75230
16
75241
82
75247
2
75280
81
75290
20
75297
64
75316
57
75343
58
75346
1
75363
13
75394
90
75404
99
75405
18
75406
39
75428
9
75430
8
75447
68
75456
96
75459
28
75465
42
75467
71
75473
9
75479
18
75486
42
75492
97
75497
60
75500
95
75505
2
75519
93
75524
80
75534
77
75549
60
75570
13
75591
30
75595
40
75613
84
75617
46
75623
96
75638
42
75638
46
75642
61
75652
31
75654
44
75655
78
75664
21
75688
4
75691
37
75691
88
75701
52
75705
16
75718
81
75722
22
75730
24
75737
50
75745
15
75748
21
75749
62
75780
62
75784
74
75785
54
75804
41
75810
3
75827
65
75828
54
75839
84
75858
5
75869
37
75899
29
75902
52
75924
30
75925
74
75940
64
75941
12
75950
70
75952
41
75955
33
75956
25
75966
30
75976
20
75979
76
75989
45
76005
53
76020
49
76032
69
76037
2
76042
16
76050
89
76064
63
76083
77
76089
62
76111
68
76132
17
76170
64
76178
33
76181
22
76212
48
76217
89
76241
11
76255
76
76256
40
76260
40
76262
2
76266
4
76266
52
76270
23
76311
96
76332
36
76347
47
76367
25
76375
7
76424
75
76427
70
76434
59
76437
23
76466
90
76466
13
76475
38
76489
78
76517
27
76530
66
76548
91
76573
95
76588
35
76599
7
76602
79
76605
56
76610
54
76620
67
76634
18
76653
81
76670
6
76673
10
76675
34
76696
61
76702
13
76703
56
76726
57
76740
48
76740
55
76751
33
76757
54
76765
29
76792
54
76796
65
76799
3
76818
43
76819
77
76828
41
76832
72
76834
3
76852
58
76856
63
76863
49
76878
92
76882
69
76904
27
76906
100
76907
74
76918
93
76923
17
76925
6
76937
51
76938
26
76942
40
76947
63
76947
90
76949
47
76950
19
76958
37
76964
53
76970
4
76974
43
76978
33
77033
57
77039
7
77048
36
77071
52
77092
35
77094
28
77101
23
77115
89
77125
85
77132
85
77138
90
77163
77
77197
5
77200
16
77207
76
77208
78
77211
61
77211
44
77212
84
77222
63
77226
22
77233
75
77250
25
77252
11
77269
73
77276
96
77291
100
77292
26
77302
99
77318
42
77323
58
77326
7
77326
100
77343
93
77372
58
77374
34
77376
72
77423
81
77434
74
77434
57
77436
17
77437
63
77443
85
77445
22
77445
31
77449
12
77459
51
77476
91
77488
55
77496
34
77497
5
77506
28
77541
60
77546
29
77566
39
77569
33
77573
24
77576
38
77578
10
77578
74
77582
31
77589
19
77600
33
77602
30
77621
64
77679
90
77683
15
77684
35
77692
22
77703
88
77708
91
77711
91
77720
3
77722
75
77733
12
77733
33
77757
86
77758
62
77768
75
77790
93
77817
48
77818
79
77829
20
77844
59
77898
59
77946
10
77951
43
77980
35
77985
99
77986
52
77991
60
77995
29
78044
71
78059
92
78077
10
78092
86
78094
34
78103
24
78125
20
78125
55
78130
64
78140
63
78155
97
78161
66
78174
37
78194
8
78210
50
78215
75
78221
22
78234
76
78239
19
78240
21
78260
6
78271
90
78273
31
78277
64
78283
100
78284
74
78306
50
78312
98
78315
77
78321
10
78324
79
78341
99
78344
53
78347
88
78388
84
78398
86
78400
64
78422
4
78450
93
78462
79
78467
18
78473
89
78480
96
78480
54
78482
49
78492
45
78501
80
78586
22
78589
20
78595
50
78605
94
78606
77
78611
40
78636
24
78636
92
78638
91
78669
49
78670
42
78673
40
78679
78
78692
3
78693
18
78697
28
78743
55
78744
58
78750
12
78753
41
78754
21
78755
67
78755
85
78764
51
78775
84
78775
25
78784
46
78800
89
78826
73
78839
90
78851
21
78864
46
78865
61
78867
70
78876
39
78879
37
78883
61
78886
15
78890
28
78920
51
78924
15
78937
21
78940
43
78947
92
78960
23
78979
60
78995
20
79009
30
79023
69
79024
83
79026
22
79028
41
79053
1
79058
6
79078
91
79098
84
79102
30
79104
36
79121
24
79127
55
79132
25
79133
44
79145
100
79146
37
79155
66
79160
91
79162
25
79165
78
79179
57
79183
5
79196
81
79202
71
79214
25
79219
23
79239
15
79256
100
79257
34
79262
86
79268
29
79273
3
79294
20
79300
50
79313
43
79329
20
79332
7
79333
34
79335
55
79348
88
79357
69
79359
30
79403
42
79413
46
79414
26
79415
94
79434
34
79436
91
79438
84
79438
59
79444
20
79448
40
79450
63
79460
100
79463
62
79469
39
79506
74
79509
28
79525
38
79531
8
79544
13
79561
18
79563
10
79575
84
79589
67
79627
4
79641
3
79664
25
79676
89
79683
9
79683
13
79696
10
79704
39
79709
54
79716
7
79737
64
79756
99
79757
40
79757
6
79758
82
79775
50
79786
25
79786
73
79787
12
79796
77
79806
35
79810
3
79811
50
79814
62
79817
92
79830
9
79837
27
79847
10
79847
70
79864
10
79870
28
79877
74
79887
65
79892
53
79897
62
79908
73
79916
17
79920
23
79921
11
79929
22
79945
29
79952
74
79969
21
79985
69
79995
31
80021
2
80021
70
80032
56
80049
27
80060
34
80095
84
80099
13
80104
36
80112
85
80136
74
80136
27
80138
94
80138
52
80173
36
80174
63
80183
62
80193
16
80199
36
80204
26
80230
68
80236
50
80257
98
80266
84
80267
72
80285
61
80289
57
80291
53
80296
86
80311
77
80317
73
80322
17
80328
31
80336
42
80341
24
80351
57
80374
75
80381
7
80383
69
80391
10
80393
91
80437
94
80443
89
80451
84
80456
46
80470
76
80483
99
80489
59
80493
91
80499
86
80517
84
80521
58
80530
35
80534
33
80559
93
80574
59
80580
45
80603
50
80616
63
80636
31
80660
78
80667
35
80686
99
80707
8
80708
76
80709
22
80746
64
80754
3
80755
80
80815
84
80828
12
80830
70
80842
78
80848
52
80865
6
80871
75
80872
28
80878
4
80879
33
80880
18
80888
89
80897
68
80922
28
80924
76
80926
100
80929
72
80931
86
80935
97
80941
21
80951
48
80958
27
80963
99
80974
34
80986
77
81034
58
81035
9
81046
98
81047
74
81078
11
81090
29
81099
57
81109
75
81140
50
81144
86
81145
78
81148
55
81150
60
81157
5
81163
10
81186
44
81211
75
81216
51
81218
11
81221
2
81224
78
81230
63
81240
73
81256
15
81258
59
81273
46
81287
62
81293
37
81294
96
81298
95
81315
65
81330
53
81332
55
81337
62
81400
26
81411
18
81417
90
81417
35
81423
44
81429
91
81444
72
81477
21
81499
46
81502
84
81542
78
81549
7
81557
27
81572
52
81594
9
81612
90
81615
53
81655
38
81664
52
81678
77
81680
52
81693
62
81693
22
81695
65
81704
50
81725
17
81728
11
81729
14
81745
22
81745
18
81747
27
81764
99
81765
35
81767
68
81771
33
81776
30
81792
58
81793
57
81800
2
81813
55
81817
40
81818
79
81821
14
81841
18
81844
30
81849
74
81855
7
81868
34
81875
12
81891
10
81900
11
81928
15
81935
23
81950
32
81951
80
81951
24
81975
1
81976
42
81987
37
81997
74
81999
59
82001
15
82040
72
82053
45
82061
34
82065
57
82069
74
82101
44
82103
13
82109
28
82110
98
82116
4
82121
6
82125
63
82127
21
82128
36
82141
37
82178
28
82185
21
82186
100
82191
89
82197
31
82198
14
82207
12
82212
15
82213
45
82214
35
82231
67
82261
87
82265
24
82269
40
82271
97
82271
90
82286
11
82287
42
82297
24
82301
19
82312
67
82313
67
82317
83
82335
94
82350
16
82357
86
82360
52
82375
31
82403
59
82403
39
82406
67
82415
86
82437
59
82441
66
82444
26
82445
90
82446
31
82447
37
82469
56
82509
76
82516
24
82520
22
82529
14
82543
47
82543
61
82550
10
82556
88
82569
23
82573
3
82574
11
82609
42
82613
22
82621
29
82641
76
82654
67
82670
97
82675
62
82682
18
82696
27
82702
20
82705
8
82708
45
82712
57
82713
67
82742
62
82756
82
82775
8
82786
92
82788
71
82826
63
82829
19
82833
94
82856
84
82859
84
82867
92
82871
44
82882
46
82882
31
82885
66
82888
48
82896
42
82911
59
82919
21
82943
22
82945
35
82963
88
82963
70
82966
48
82973
57
82976
48
82981
19
82984
65
83001
92
83002
27
83004
83
83014
5
83015
60
83028
90
83036
49
83037
82
83053
4
83055
67
83056
27
83067
87
83095
3
83155
18
83171
82
83175
48
83175
49
83191
47
83203
47
83208
42
83219
58
83222
68
83240
15
83241
44
83251
7
83251
37
83271
43
83272
15
83283
84
83283
61
83320
79
83321
76
83324
39
83342
13
83356
80
83361
98
83377
54
83385
80
83397
80
83406
57
83432
47
83438
6
83454
43
83467
1
83470
76
83472
24
83474
48
83476
76
83476
23
83486
94
83487
69
83498
32
83500
13
83524
83
83528
75
83537
19
83556
71
83573
17
83577
34
83585
55
83616
29
83628
64
83646
82
83653
67
83672
77
83672
61
83678
16
83685
30
83703
41
83722
47
83727
39
83733
39
83751
5
83753
81
83764
39
83766
32
83778
57
83784
38
83789
7
83794
31
83802
31
83828
27
83836
62
83838
44
83843
61
83850
88
83855
14
83856
32
83860
56
83877
47
83885
86
83914
84
83916
63
83917
67
83956
2
83970
39
83978
79
84004
69
84011
20
84014
71
84015
16
84028
58
84033
61
84036
72
84037
91
84047
51
84060
3
84060
99
84075
88
84077
61
84077
29
84080
71
84091
39
84101
42
84109
66
84112
99
84114
29
84128
79
84150
30
84151
84
84156
78
84157
67
84158
19
84168
40
84168
85
84218
20
84220
78
84235
64
84245
40
84247
49
84276
86
84279
7
84280
59
84316
47
84327
78
84332
1
84353
97
84359
32
84374
99
84387
37
84394
44
84401
79
84430
7
84434
82
84447
20
84456
72
84459
33
84478
100
84481
2
84482
14
84486
35
84495
79
84501
81
84553
53
84565
18
84597
65
84602
24
84603
47
84605
80
84614
63
84619
48
84621
66
84647
70
84672
6
84680
64
84684
99
84694
58
84696
60
84697
83
84697
8
84698
48
84732
26
84737
86
84742
54
84760
60
84763
57
84768
77
84777
92
84779
56
84779
79
84796
5
84797
90
84797
9
84802
37
84818
94
84836
27
84889
54
84895
17
84906
25
84907
33
84920
31
84924
72
84927
50
84932
52
84934
29
84945
13
84948
51
84953
86
84955
73
84957
33
84958
93
84966
72
84976
10
84989
78
85005
26
85006
69
85008
86
85019
54
85029
12
85066
41
85068
84
85068
69
85076
82
85096
93
85098
5
85110
75
85126
71
85132
58
85133
91
85148
95
85161
43
85162
22
85169
67
85170
92
85170
73
85177
95
85177
5
85186
75
85224
81
85242
29
85252
59
85256
25
85261
100
85278
21
85289
55
85290
77
85292
89
85293
40
85298
83
85316
53
85334
81
85339
66
85340
21
85341
62
85350
58
85368
25
85407
37
85424
28
85430
35
85441
79
85456
75
85457
29
85459
52
85463
41
85465
20
85475
77
85477
87
85501
76
85502
3
85512
19
85520
56
85532
62
85546
44
85565
8
85567
82
85571
98
85582
84
85601
22
85645
37
85681
66
85682
74
85693
69
85711
84
85714
46
85714
83
85750
41
85756
23
85765
71
85770
21
85773
57
85775
49
85778
95
85786
85
85799
53
85815
87
85827
56
85848
29
85859
73
85861
32
85862
31
85884
92
85888
39
85895
44
85909
87
85930
46
85942
25
85943
36
85947
30
85975
99
85980
72
85995
47
86010
24
86013
93
86017
30
86042
70
86053
75
86063
23
86078
44
86097
45
86110
95
86162
100
86176
45
86181
89
86181
36
86186
97
86198
27
86208
43
86214
77
86220
51
86223
26
86225
8
86236
94
86259
65
86269
51
86270
80
86298
10
86301
28
86315
15
86316
91
86324
78
86338
39
86339
90
86343
53
86373
31
86390
71
86422
22
86435
5
86450
93
86456
17
86465
1
86482
87
86485
68
86490
45
86514
27
86522
55
86527
42
86530
5
86531
98
86538
18
86560
56
86564
75
86574
77
86595
49
86596
39
86596
80
86623
81
86626
1
86637
59
86639
47
86659
43
86668
36
86669
85
86671
32
86688
88
86695
67
86700
3
86702
62
86717
71
86763
47
86770
30
86776
71
86784
86
86799
98
86799
68
86802
64
86806
52
86815
9
86826
69
86838
49
86853
78
86864
24
86871
24
86883
7
86885
24
86888
14
86889
86
86889
4
86906
14
86908
44
86909
51
86922
9
86936
31
86938
87
86946
92
86955
70
86968
54
86982
46
87005
83
87070
76
87083
93
87097
13
87106
99
87122
30
87164
10
87164
66
87176
93
87191
61
87191
26
87197
61
87203
62
87204
3
87206
36
87212
37
87214
61
87231
60
87234
50
87269
46
87271
15
87274
16
87275
41
87280
17
87293
24
87324
23
87340
4
87351
67
87377
93
87383
9
87392
13
87397
27
87399
84
87408
57
87415
39
87418
82
87428
86
87428
100
87436
47
87436
78
87478
13
87478
72
87482
91
87505
74
87505
27
87506
26
87516
10
87528
87
87535
37
87536
11
87546
85
87551
4
87558
78
87567
77
87576
72
87580
1
87583
100
87604
27
87614
20
87643
44
87648
35
87656
32
87666
70
87666
19
87667
88
87671
61
87673
52
87676
73
87685
12
87701
99
87715
2
87724
24
87777
22
87783
92
87813
49
87849
100
87854
70
87855
10
87860
39
87880
58
87910
21
87930
23
87937
13
87944
98
87953
51
87968
85
87970
51
87997
50
88006
11
88012
70
88053
93
88070
46
88072
53
88073
15
88080
16
88100
92
88123
75
88149
67
88160
16
88163
86
88176
17
88183
17
88195
62
88205
91
88208
61
88214
10
88250
90
88262
82
88279
72
88303
28
88310
39
88326
92
88328
2
88354
4
88355
41
88365
53
88368
88
88369
43
88384
2
88399
50
88403
64
88405
47
88437
47
88438
68
88455
61
88460
62
88465
59
88467
87
88474
81
88478
74
88479
24
88482
49
88507
91
88512
37
88537
39
88548
3
88551
99
88561
29
88562
84
88568
70
88576
8
88586
74
88591
13
88595
62
88595
77
88607
53
88631
14
88633
16
88647
48
88650
67
88684
66
88687
63
88695
65
88705
12
88718
31
88723
77
88728
26
88777
89
88779
63
88783
58
88789
63
88824
39
88841
6
88845
5
88848
75
88849
45
88851
7
88852
73
88854
25
88864
42
88872
42
88878
32
88903
15
88903
54
88910
93
88920
44
88927
59
88937
58
88949
59
88953
58
88963
25
88971
76
88973
20
88977
89
88982
88
88989
2
88998
18
89008
65
89014
91
89037
80
89056
22
89074
5
89098
70
89100
27
89102
9
89102
45
89110
71
89135
67
89141
69
89151
95
89153
8
89157
63
89170
79
89172
74
89190
68
89213
71
89219
69
89220
78
89228
29
89235
28
89247
87
89254
5
89261
55
89283
7
89284
45
89295
94
89299
60
89303
62
89307
58
89325
50
89334
94
89351
79
89361
6
89374
63
89382
58
89399
14
89418
59
89428
28
89429
32
89432
80
89452
75
89480
91
89481
42
89482
53
89498
65
89521
61
89541
75
89549
33
89551
39
89564
55
89576
12
89605
25
89606
59
89616
19
89619
83
89626
56
89629
12
89655
43
89668
17
89670
70
89680
44
89692
10
89703
100
89710
50
89715
25
89745
57
89747
15
89748
83
89755
37
89772
99
89778
62
89781
63
89824
89
89831
55
89831
15
89836
53
89841
16
89863
41
89892
38
89908
6
89917
96
89927
1
89938
30
89953
6
89955
19
89979
13
89980
61
89992
31
90000
7
90001
30
90005
52
90010
50
90015
39
90016
51
90019
51
90041
63
90042
60
90043
18
90068
98
90073
96
90106
16
90113
11
90115
58
90118
4
90120
18
90124
24
90132
9
90143
33
90144
16
90183
98
90213
38
90215
63
90223
50
90239
19
90258
69
90293
69
90296
83
90305
81
90314
51
90317
89
90318
10
90319
54
90334
91
90346
1
90355
56
90360
93
90365
15
90385
15
90396
62
90407
12
90412
62
90426
77
90440
75
90447
71
90467
33
90472
92
90476
46
90478
93
90478
76
90481
62
90482
42
90488
65
90491
24
90492
91
90524
83
90525
44
90527
11
90545
66
90554
25
90559
13
90591
6
90612
86
90636
66
90639
48
90646
86
90656
74
90740
41
90745
1
90748
40
90757
2
90770
64
90781
2
90782
31
90783
90
90790
24
90791
15
90807
81
90816
70
90818
7
90823
8
90829
31
90830
100
90844
72
90849
6
90872
90
90873
7
90873
50
90879
53
90882
72
90897
26
90932
65
90937
29
90938
11
90955
83
91009
77
91014
49
91015
8
91018
69
91020
1
91050
47
91050
22
91052
64
91065
48
91067
52
91086
54
91092
24
91100
66
91108
86
91130
93
91132
24
91143
94
91154
75
91160
23
91162
65
91167
80
91181
65
91198
23
91246
81
91257
17
91261
94
91289
6
91294
33
91295
75
91298
69
91310
67
91312
3
91318
69
91318
74
91321
71
91327
69
91330
21
91352
92
91352
84
91372
20
91373
96
91379
89
91400
43
91406
13
91415
75
91415
87
91438
89
91439
20
91441
61
91453
63
91454
36
91458
41
91467
79
91486
59
91489
73
91506
47
91519
4
91532
31
91534
80
91543
78
91543
51
91562
98
91578
80
91587
19
91609
72
91620
2
91631
87
91638
44
91641
46
91649
22
91664
15
91668
93
91674
11
91680
58
91726
5
91728
85
91766
96
91778
45
91786
4
91792
57
91802
8
91812
91
91819
49
91821
38
91825
49
91829
21
91833
85
91843
53
91854
51
91875
64
91878
30
91879
1
91898
13
91916
62
91920
71
91927
84
91933
15
91954
9
91958
79
91965
60
91971
31
91983
94
92002
52
92002
41
92002
3
92016
9
92028
77
92033
98
92040
5
92048
32
92052
6
92054
64
92078
22
92080
54
92081
2
92085
71
92092
27
92092
86
92095
23
92104
77
92115
1
92117
4
92125
30
92145
13
92149
17
92152
52
92162
49
92182
32
92183
61
92188
27
92199
43
92207
91
92208
72
92253
47
92256
31
92274
74
92285
55
92291
59
92303
24
92308
11
92309
90
92315
29
92315
75
92329
11
92336
83
92340
76
92352
81
92373
61
92385
61
92386
55
92401
89
92409
61
92420
11
92428
18
92441
25
92463
79
92466
70
92472
73
92475
10
92475
82
92476
100
92488
5
92488
72
92491
23
92512
51
92513
54
92516
97
92517
57
92525
12
92531
20
92551
67
92564
1
92566
100
92574
41
92579
11
92581
34
92603
68
92605
44
92611
94
92646
28
92650
50
92658
83
92710
40
92718
12
92744
52
92754
17
92759
91
92775
73
92806
89
92811
52
92814
54
92828
40
92843
56
92857
77
92880
63
92884
58
92890
30
92897
11
92916
14
92925
41
92943
82
92954
33
92954
93
92982
81
92986
25
92996
56
92996
67
92998
93
93001
51
93006
60
93009
72
93026
100
93061
94
93065
64
93068
64
93075
46
93101
80
93112
54
93126
18
93128
20
93133
57
93139
24
93147
60
93152
65
93170
100
93196
74
93221
22
93225
30
93233
84
93234
88
93246
22
93247
65
93250
20
93251
67
93265
97
93266
44
93275
22
93279
63
93302
88
93307
72
93323
75
93331
60
93338
23
93340
68
93353
75
93353
38
93354
13
93355
54
93364
43
93370
83
93370
73
93382
100
93382
58
93388
84
93395
16
93398
57
93405
57
93409
37
93426
38
93440
92
93441
76
93441
12
93442
56
93445
47
93451
78
93457
5
93462
43
93485
51
93486
19
93488
30
93489
74
93489
93
93489
41
93499
48
93503
61
93514
15
93534
86
93538
25
93544
20
93552
28
93558
59
93583
93
93591
79
93612
16
93619
28
93637
94
93657
25
93669
85
93683
83
93691
62
93714
76
93733
58
93734
73
93745
84
93748
5
93748
2
93782
40
93801
47
93809
4
93829
58
93830
28
93843
77
93843
51
93906
69
93907
25
93918
63
93920
35
93932
62
93939
39
93965
55
93974
89
93982
98
93988
99
93989
20
94014
65
94032
26
94038
13
94038
89
94049
10
94055
95
94061
3
94062
38
94073
5
94095
27
94103
73
94109
61
94127
29
94147
12
94157
7
94196
32
94202
69
94202
86
94210
61
94210
71
94216
6
94222
37
94224
85
94226
41
94246
98
94250
24
94255
47
94263
38
94297
73
94304
45
94304
57
94305
37
94315
22
94328
22
94329
78
94342
32
94342
68
94344
80
94355
21
94355
72
94373
6
94380
93
94398
32
94402
86
94403
4
94411
90
94417
70
94422
24
94439
28
94445
30
94455
95
94463
33
94475
66
94478
79
94503
25
94504
63
94508
2
94514
71
94554
52
94556
26
94582
67
94586
9
94607
63
94613
89
94624
82
94629
92
94682
72
94692
49
94696
71
94716
92
94719
21
94728
76
94732
36
94736
52
94743
14
94752
39
94754
94
94768
83
94771
14
94775
21
94780
12
94811
8
94828
53
94829
29
94832
39
94834
30
94835
43
94853
40
94857
52
94858
94
94874
18
94875
71
94876
54
94880
80
94898
59
94899
35
94902
71
94904
82
94923
84
94923
93
94941
25
94952
56
94962
20
94963
60
94964
59
94966
33
94969
50
94981
52
94987
67
94993
63
94998
72
95001
78
95006
23
95013
77
95021
58
95034
61
95043
58
95097
100
95098
52
95105
9
95107
46
95117
69
95120
79
95121
99
95124
100
95126
89
95132
86
95132
22
95148
70
95159
69
95161
14
95166
94
95168
76
95169
34
95201
5
95212
34
95214
18
95222
54
95237
86
95243
85
95253
69
95263
9
95264
14
95296
91
95310
37
95318
24
95326
3
95333
94
95347
23
95348
54
95359
3
95360
20
95368
23
95381
33
95424
71
95430
74
95431
22
95438
56
95450
96
95454
43
95460
76
95490
61
95493
89
95494
51
95511
46
95513
93
95527
84
95530
64
95541
99
95548
21
95558
100
95559
67
95586
30
95598
13
95605
9
95612
18
95618
36
95620
11
95627
12
95630
11
95635
16
95644
66
95651
82
95670
38
95678
50
95683
52
95689
64
95712
71
95765
59
95784
59
95795
14
95810
86
95827
71
95851
54
95855
88
95860
17
95865
46
95872
24
95878
80
95886
44
95894
44
95907
31
95916
62
95934
25
95934
43
95949
70
95971
43
95975
31
95977
32
95985
6
95994
41
96002
48
96006
23
96017
22
96017
37
96056
72
96069
26
96072
100
96079
43
96112
84
96121
10
96131
8
96145
22
96146
81
96166
61
96177
9
96201
97
96208
58
96218
32
96218
28
96238
2
96240
28
96245
58
96279
15
96282
4
96290
52
96295
37
96317
98
96322
82
96329
68
96331
3
96350
74
96350
67
96370
25
96371
48
96387
4
96391
97
96394
73
96399
55
96410
91
96424
8
96429
65
96454
50
96461
81
96467
97
96476
62
96484
90
96500
45
96507
19
96528
73
96542
24
96547
72
96564
100
96566
81
96582
39
96588
4
96588
84
96596
75
96621
1
96621
66
96636
94
96652
56
96673
91
96676
61
96680
80
96710
38
96716
16
96728
28
96729
62
96733
70
96738
70
96758
22
96763
86
96765
71
96772
2
96773
34
96776
32
96779
43
96793
78
96796
3
96803
16
96805
1
96810
26
96814
15
96816
33
96830
64
96845
70
96859
17
96863
90
96878
23
96883
34
96886
84
96894
78
96899
24
96917
44
96936
9
96943
14
96961
59
96983
89
96989
75
96990
80
96993
58
97000
48
97008
66
97031
81
97053
2
97054
51
97081
64
97092
44
97094
29
97099
18
97100
11
97142
81
97152
44
97155
78
97168
14
97180
59
97180
47
97192
30
97194
49
97195
69
97197
15
97208
32
97216
98
97219
38
97220
27
97222
7
97242
51
97267
37
97268
47
97274
78
97275
16
97277
4
97290
77
97304
33
97311
36
97315
78
97316
84
97319
100
97325
74
97339
12
97347
17
97352
84
97362
92
97368
12
97378
61
97391
57
97407
23
97429
8
97439
38
97449
71
97453
28
97477
52
97480
54
97480
78
97492
90
97493
32
97495
36
97498
92
97503
68
97557
82
97578
21
97594
83
97621
37
97628
98
97637
16
97641
73
97642
27
97662
99
97666
24
97678
100
97680
62
97684
40
97685
84
97717
5
97721
4
97727
96
97732
14
97741
26
97742
55
97755
51
97758
48
97761
35
97771
3
97792
53
97806
12
97820
44
97838
84
97859
47
97865
35
97868
51
97877
28
97896
8
97896
33
97899
64
97922
5
97950
100
97953
36
97988
83
97990
50
97991
59
98001
83
98002
63
98014
51
98040
18
98051
20
98053
6
98061
13
98065
33
98074
83
98092
20
98104
83
98151
30
98172
54
98176
37
98195
82
98202
65
98216
80
98222
17
98238
11
98247
67
98252
67
98259
90
98269
74
98271
51
98276
53
98286
30
98311
3
98334
41
98350
12
98351
52
98359
51
98367
46
98369
67
98379
1
98389
15
98431
86
98437
58
98466
80
98486
18
98497
40
98505
99
98508
52
98512
69
98514
52
98525
89
98530
2
98533
16
98534
20
98535
70
98553
78
98561
86
98562
36
98581
67
98589
11
98591
39
98608
71
98608
92
98612
93
98628
11
98630
56
98638
44
98644
62
98645
1
98646
62
98650
14
98669
68
98681
47
98691
72
98692
47
98693
16
98695
11
98704
45
98731
20
98749
32
98766
48
98768
60
98781
85
98800
15
98808
79
98811
55
98822
92
98848
17
98858
42
98891
10
98919
79
98926
32
98927
32
98934
71
98938
24
98939
95
98947
26
98962
20
98964
56
98973
78
99019
81
99029
21
99029
45
99045
80
99045
44
99052
91
99067
95
99069
7
99070
87
99077
66
99080
90
99088
34
99094
25
99098
74
99109
48
99128
56
99142
80
99146
91
99154
72
99175
22
99203
52
99212
50
99213
53
99213
84
99215
20
99219
29
99238
30
99240
97
99255
48
99268
85
99275
75
99288
80
99293
57
99308
19
99308
59
99312
53
99343
62
99365
6
99383
59
99394
48
99401
71
99412
48
99425
34
99428
96
99431
73
99433
33
99434
51
99439
53
99447
76
99478
74
99482
74
99513
27
99542
75
99545
78
99574
62
99575
95
99581
58
99589
91
99597
43
99598
5
99603
27
99611
17
99628
85
99633
36
99640
88
99659
43
99659
88
99663
49
99665
100
99667
98
99707
48
99736
71
99738
97
99745
81
99747
18
99748
69
99757
66
99770
20
99781
21
99787
41
99801
93
99804
46
99808
19
99815
19
99827
76
99828
33
99828
65
99829
33
99829
75
99852
8
99862
90
99893
54
99894
24
99897
74
99911
41
99926
63
99928
68
99928
28
99929
11
99933
68
99935
77
99938
59
99944
90
99951
73
99969
91
